TcBrA4_Chr11_ID=TcBrA4_0119650;description=dispersed_1	TcBrA4_Chr17_26_101243_90859	87.959	3455	393	5	1	3453	1	3434	0.0	5733	3483	3442
TcBrA4_Chr11_ID=TcBrA4_0119650;description=dispersed_1	TcBrA4_Chr16_24_383191_372739	85.427	3486	502	4	1	3482	1	3484	0.0	5696	3483	3484
TcBrA4_Chr11_ID=TcBrA4_0119650;description=dispersed_1	TcBrA4_Chr2_157_1954875_1965313	86.642	3451	456	2	1	3449	1	3448	0.0	5648	3483	3448
TcBrA4_Chr11_ID=TcBrA4_0119650;description=dispersed_1	TcBrA4_Contig140_96_39896_29425	83.641	3466	551	6	1	3453	1	3463	0.0	5430	3483	3471
TcBrA4_Chr11_ID=TcBrA4_0119650;description=dispersed_1	TcBrA4_Chr21_166_780845_791260	84.703	3432	509	9	22	3449	1	3420	0.0	5407	3483	3420
TcBrA4_Chr11_ID=TcBrA4_0119650;description=dispersed_1	TcBrA4_Chr3_54_771783_761468	83.765	3394	538	7	61	3449	1	3386	0.0	5394	3483	3386
TcBrA4_Chr13_ID=TcBrA4_0185900;description=dispersed_1	TcBrA4_Chr16_24_383191_372739	84.127	3484	545	5	1	3480	1	3480	0.0	5598	3483	3484
TcBrA4_Chr13_ID=TcBrA4_0185900;description=dispersed_1	TcBrA4_Chr2_157_1954875_1965313	85.255	3452	504	4	1	3451	1	3448	0.0	5551	3483	3448
TcBrA4_Chr13_ID=TcBrA4_0185900;description=dispersed_1	TcBrA4_Contig140_96_39896_29425	84.886	3467	508	7	1	3455	1	3463	0.0	5508	3483	3471
TcBrA4_Chr13_ID=TcBrA4_0185900;description=dispersed_1	TcBrA4_Chr17_26_101243_90859	84.693	3456	506	5	1	3455	1	3434	0.0	5508	3483	3442
TcBrA4_Chr13_ID=TcBrA4_0185900;description=dispersed_1	TcBrA4_Chr3_54_771783_761468	84.999	3393	500	6	61	3451	1	3386	0.0	5459	3483	3386
TcBrA4_Chr13_ID=TcBrA4_0185900;description=dispersed_1	TcBrA4_Chr21_166_780845_791260	84.716	3435	505	11	22	3451	1	3420	0.0	5424	3483	3420
TcBrA4_Chr14_ID=TcBrA4_0185530;description=dispersed_1	TcBrA4_Chr16_24_383191_372739	84.973	3467	513	7	1	3463	22	3484	0.0	5631	3464	3484
TcBrA4_Chr14_ID=TcBrA4_0185530;description=dispersed_1	TcBrA4_Chr2_157_1954875_1965313	85.198	3432	501	4	1	3430	22	3448	0.0	5515	3464	3448
TcBrA4_Chr14_ID=TcBrA4_0185530;description=dispersed_1	TcBrA4_Chr17_26_101243_90859	84.750	3436	499	6	1	3434	22	3434	0.0	5467	3464	3442
TcBrA4_Chr14_ID=TcBrA4_0185530;description=dispersed_1	TcBrA4_Contig140_96_39896_29425	84.691	3449	508	9	1	3434	20	3463	0.0	5444	3464	3471
TcBrA4_Chr14_ID=TcBrA4_0185530;description=dispersed_1	TcBrA4_Chr3_54_771783_761468	84.507	3395	513	7	40	3430	1	3386	0.0	5439	3464	3386
TcBrA4_Chr14_ID=TcBrA4_0185530;description=dispersed_1	TcBrA4_Chr21_166_780845_791260	84.886	3434	501	11	1	3430	1	3420	0.0	5428	3464	3420
TcBrA4_Chr17_ID=TcBrA4_0185670;description=dispersed_1	TcBrA4_Chr17_26_101243_90859	81.150	3443	551	13	1	3379	22	3430	0.0	5230	3430	3442
TcBrA4_Chr17_ID=TcBrA4_0185670;description=dispersed_1	TcBrA4_Chr16_24_383191_372739	78.234	3510	630	20	1	3427	22	3480	0.0	5174	3430	3484
TcBrA4_Chr17_ID=TcBrA4_0185670;description=dispersed_1	TcBrA4_Chr21_166_780845_791260	78.557	3465	612	18	1	3379	1	3420	0.0	5004	3430	3420
TcBrA4_Chr17_ID=TcBrA4_0185670;description=dispersed_1	TcBrA4_Chr3_54_771783_761468	81.935	3183	536	9	204	3379	236	3386	0.0	4955	3430	3386
TcBrA4_Chr17_ID=TcBrA4_0185670;description=dispersed_1	TcBrA4_Chr3_54_771783_761468	24.588	2550	1583	94	373	2755	13	2389	1.09e-88	316	3430	3386
TcBrA4_Chr17_ID=TcBrA4_0185670;description=dispersed_1	TcBrA4_Chr3_54_771783_761468	90.476	168	16	0	38	205	1	168	1.71e-83	299	3430	3386
TcBrA4_Chr17_ID=TcBrA4_0185670;description=dispersed_1	TcBrA4_Chr3_54_771783_761468	27.690	827	525	29	1976	2764	16	807	3.83e-37	146	3430	3386
TcBrA4_Chr17_ID=TcBrA4_0185670;description=dispersed_1	TcBrA4_Chr3_54_771783_761468	27.330	794	450	30	79	774	2034	2798	6.49e-30	122	3430	3386
TcBrA4_Chr17_ID=TcBrA4_0185670;description=dispersed_1	TcBrA4_Chr3_54_771783_761468	27.100	369	178	14	73	357	2428	2789	2.08e-07	48.1	3430	3386
TcBrA4_Chr17_ID=TcBrA4_0185670;description=dispersed_1	TcBrA4_Chr3_54_771783_761468	32.743	113	56	3	50	160	406	500	8.81e-06	42.7	3430	3386
TcBrA4_Chr17_ID=TcBrA4_0185670;description=dispersed_1	TcBrA4_Chr2_157_1954875_1965313	81.564	3184	548	7	204	3379	296	3448	0.0	4927	3430	3448
TcBrA4_Chr17_ID=TcBrA4_0185670;description=dispersed_1	TcBrA4_Chr2_157_1954875_1965313	76.569	239	48	2	1	237	22	254	1.09e-91	326	3430	3448
TcBrA4_Chr17_ID=TcBrA4_0185670;description=dispersed_1	TcBrA4_Chr2_157_1954875_1965313	25.030	2513	1620	98	373	2755	73	2451	6.50e-86	307	3430	3448
TcBrA4_Chr17_ID=TcBrA4_0185670;description=dispersed_1	TcBrA4_Chr2_157_1954875_1965313	27.708	794	447	29	71	767	2088	2851	5.01e-33	132	3430	3448
TcBrA4_Chr17_ID=TcBrA4_0185670;description=dispersed_1	TcBrA4_Contig140_96_39896_29425	81.146	3193	557	7	204	3379	295	3459	0.0	4903	3430	3471
TcBrA4_Chr17_ID=TcBrA4_0185670;description=dispersed_1	TcBrA4_Contig140_96_39896_29425	25.078	2556	1567	98	373	2755	73	2453	3.36e-90	321	3430	3471
TcBrA4_Chr17_ID=TcBrA4_0185670;description=dispersed_1	TcBrA4_Contig140_96_39896_29425	24.643	1469	920	57	199	1557	1475	2866	5.70e-46	175	3430	3471
TcBrA4_Chr17_ID=TcBrA4_0185670;description=dispersed_1	TcBrA4_Contig140_96_39896_29425	27.239	804	454	29	71	774	2090	2862	3.04e-32	130	3430	3471
TcBrA4_Chr18_ID=TcBrA4_0185600;description=dispersed_1	TcBrA4_Chr16_24_383191_372739	84.951	3462	513	7	1	3459	22	3478	0.0	5599	3467	3484
TcBrA4_Chr18_ID=TcBrA4_0185600;description=dispersed_1	TcBrA4_Contig140_96_39896_29425	85.557	3448	482	7	1	3436	20	3463	0.0	5509	3467	3471
TcBrA4_Chr18_ID=TcBrA4_0185600;description=dispersed_1	TcBrA4_Chr3_54_771783_761468	85.445	3394	485	5	40	3432	1	3386	0.0	5491	3467	3386
TcBrA4_Chr18_ID=TcBrA4_0185600;description=dispersed_1	TcBrA4_Chr17_26_101243_90859	84.924	3436	495	6	1	3436	22	3434	0.0	5471	3467	3442
TcBrA4_Chr18_ID=TcBrA4_0185600;description=dispersed_1	TcBrA4_Chr2_157_1954875_1965313	84.848	3432	515	4	1	3432	22	3448	0.0	5455	3467	3448
TcBrA4_Chr18_ID=TcBrA4_0185600;description=dispersed_1	TcBrA4_Chr21_166_780845_791260	85.381	3434	486	9	1	3432	1	3420	0.0	5454	3467	3420
TcBrA4_Chr19_ID=TcBrA4_0185650;description=dispersed_1	TcBrA4_Chr16_24_383191_372739	84.049	3492	546	7	1	3489	1	3484	0.0	5600	3490	3484
TcBrA4_Chr19_ID=TcBrA4_0185650;description=dispersed_1	TcBrA4_Chr2_157_1954875_1965313	84.495	3457	526	5	1	3456	1	3448	0.0	5504	3490	3448
TcBrA4_Chr19_ID=TcBrA4_0185650;description=dispersed_1	TcBrA4_Chr17_26_101243_90859	83.993	3461	526	7	1	3460	1	3434	0.0	5452	3490	3442
TcBrA4_Chr19_ID=TcBrA4_0185650;description=dispersed_1	TcBrA4_Contig140_96_39896_29425	83.607	3471	550	8	1	3460	1	3463	0.0	5441	3490	3471
TcBrA4_Chr19_ID=TcBrA4_0185650;description=dispersed_1	TcBrA4_Chr3_54_771783_761468	84.226	3398	522	7	61	3456	1	3386	0.0	5422	3490	3386
TcBrA4_Chr19_ID=TcBrA4_0185650;description=dispersed_1	TcBrA4_Chr21_166_780845_791260	84.376	3437	518	8	22	3456	1	3420	0.0	5419	3490	3420
TcBrA4_Chr19_ID=TcBrA4_0185640;description=dispersed_1	TcBrA4_Chr16_24_383191_372739	83.885	3475	549	6	1	3473	1	3466	0.0	5578	3483	3484
TcBrA4_Chr19_ID=TcBrA4_0185640;description=dispersed_1	TcBrA4_Chr2_157_1954875_1965313	84.673	3458	520	3	1	3458	1	3448	0.0	5508	3483	3448
TcBrA4_Chr19_ID=TcBrA4_0185640;description=dispersed_1	TcBrA4_Chr17_26_101243_90859	83.738	3462	535	5	1	3462	1	3434	0.0	5447	3483	3442
TcBrA4_Chr19_ID=TcBrA4_0185640;description=dispersed_1	TcBrA4_Chr3_54_771783_761468	84.495	3399	513	6	61	3458	1	3386	0.0	5447	3483	3386
TcBrA4_Chr19_ID=TcBrA4_0185640;description=dispersed_1	TcBrA4_Chr21_166_780845_791260	84.589	3439	509	9	22	3458	1	3420	0.0	5444	3483	3420
TcBrA4_Chr19_ID=TcBrA4_0185640;description=dispersed_1	TcBrA4_Contig140_96_39896_29425	83.497	3472	554	6	1	3462	1	3463	0.0	5426	3483	3471
TcBrA4_Chr1_ID=TcBrA4_0185590;description=dispersed_1	TcBrA4_Contig140_96_39896_29425	87.174	3446	426	7	1	3432	20	3463	0.0	5638	3460	3471
TcBrA4_Chr1_ID=TcBrA4_0185590;description=dispersed_1	TcBrA4_Chr16_24_383191_372739	85.421	3464	497	7	1	3459	22	3482	0.0	5636	3460	3484
TcBrA4_Chr1_ID=TcBrA4_0185590;description=dispersed_1	TcBrA4_Chr3_54_771783_761468	85.525	3392	482	4	40	3428	1	3386	0.0	5520	3460	3386
TcBrA4_Chr1_ID=TcBrA4_0185590;description=dispersed_1	TcBrA4_Chr2_157_1954875_1965313	84.869	3430	514	4	1	3428	22	3448	0.0	5499	3460	3448
TcBrA4_Chr1_ID=TcBrA4_0185590;description=dispersed_1	TcBrA4_Chr17_26_101243_90859	84.591	3433	508	6	1	3432	22	3434	0.0	5461	3460	3442
TcBrA4_Chr1_ID=TcBrA4_0185590;description=dispersed_1	TcBrA4_Chr21_166_780845_791260	85.248	3430	494	7	1	3428	1	3420	0.0	5450	3460	3420
TcBrA4_Chr1_ID=TcBrA4_0185580;description=dispersed_1	TcBrA4_Chr16_24_383191_372739	83.786	3460	539	8	1	3441	22	3478	0.0	5497	3449	3484
TcBrA4_Chr1_ID=TcBrA4_0185580;description=dispersed_1	TcBrA4_Chr2_157_1954875_1965313	83.664	3428	545	4	1	3414	22	3448	0.0	5393	3449	3448
TcBrA4_Chr1_ID=TcBrA4_0185580;description=dispersed_1	TcBrA4_Chr3_54_771783_761468	84.046	3391	520	7	40	3414	1	3386	0.0	5390	3449	3386
TcBrA4_Chr1_ID=TcBrA4_0185580;description=dispersed_1	TcBrA4_Contig140_96_39896_29425	83.091	3442	558	6	1	3418	22	3463	0.0	5366	3449	3471
TcBrA4_Chr1_ID=TcBrA4_0185580;description=dispersed_1	TcBrA4_Chr17_26_101243_90859	83.387	3431	539	7	1	3418	22	3434	0.0	5360	3449	3442
TcBrA4_Chr1_ID=TcBrA4_0185580;description=dispersed_1	TcBrA4_Chr21_166_780845_791260	84.315	3430	512	10	1	3414	1	3420	0.0	5345	3449	3420
TcBrA4_Chr22_ID=TcBrA4_0185560;description=dispersed_1	TcBrA4_Chr16_24_383191_372739	84.678	3459	524	5	1	3457	1	3455	0.0	5588	3466	3484
TcBrA4_Chr22_ID=TcBrA4_0185560;description=dispersed_1	TcBrA4_Chr17_26_101243_90859	84.531	3465	511	6	1	3464	1	3441	0.0	5473	3466	3442
TcBrA4_Chr22_ID=TcBrA4_0185560;description=dispersed_1	TcBrA4_Chr2_157_1954875_1965313	84.279	3454	536	3	1	3453	1	3448	0.0	5447	3466	3448
TcBrA4_Chr22_ID=TcBrA4_0185560;description=dispersed_1	TcBrA4_Contig140_96_39896_29425	83.712	3475	550	5	1	3464	1	3470	0.0	5423	3466	3471
TcBrA4_Chr22_ID=TcBrA4_0185560;description=dispersed_1	TcBrA4_Chr3_54_771783_761468	84.251	3397	520	8	61	3453	1	3386	0.0	5395	3466	3386
TcBrA4_Chr22_ID=TcBrA4_0185560;description=dispersed_1	TcBrA4_Chr21_166_780845_791260	84.333	3434	522	7	22	3453	1	3420	0.0	5379	3466	3420
TcBrA4_Chr23_ID=TcBrA4_0185940;description=dispersed_1	TcBrA4_Chr16_24_383191_372739	83.553	3484	557	10	1	3472	1	3480	0.0	5540	3475	3484
TcBrA4_Chr23_ID=TcBrA4_0185940;description=dispersed_1	TcBrA4_Chr2_157_1954875_1965313	84.555	3451	523	6	1	3444	1	3448	0.0	5452	3475	3448
TcBrA4_Chr23_ID=TcBrA4_0185940;description=dispersed_1	TcBrA4_Chr17_26_101243_90859	84.294	3451	514	7	1	3444	1	3430	0.0	5427	3475	3442
TcBrA4_Chr23_ID=TcBrA4_0185940;description=dispersed_1	TcBrA4_Contig140_96_39896_29425	83.964	3461	536	7	1	3444	1	3459	0.0	5411	3475	3471
TcBrA4_Chr23_ID=TcBrA4_0185940;description=dispersed_1	TcBrA4_Chr3_54_771783_761468	84.404	3392	515	7	61	3444	1	3386	0.0	5404	3475	3386
TcBrA4_Chr23_ID=TcBrA4_0185940;description=dispersed_1	TcBrA4_Chr21_166_780845_791260	84.772	3428	509	8	22	3444	1	3420	0.0	5392	3475	3420
TcBrA4_Chr24_ID=TcBrA4_0185570;description=dispersed_1	TcBrA4_Chr16_24_383191_372739	80.986	3508	607	11	1	3497	22	3480	0.0	5384	3500	3484
TcBrA4_Chr24_ID=TcBrA4_0185570;description=dispersed_1	TcBrA4_Chr2_157_1954875_1965313	81.973	3456	587	7	1	3449	22	3448	0.0	5321	3500	3448
TcBrA4_Chr24_ID=TcBrA4_0185570;description=dispersed_1	TcBrA4_Chr17_26_101243_90859	82.808	3455	542	8	1	3449	22	3430	0.0	5317	3500	3442
TcBrA4_Chr24_ID=TcBrA4_0185570;description=dispersed_1	TcBrA4_Chr3_54_771783_761468	82.084	3416	578	8	38	3449	1	3386	0.0	5284	3500	3386
TcBrA4_Chr24_ID=TcBrA4_0185570;description=dispersed_1	TcBrA4_Contig140_96_39896_29425	81.493	3469	593	10	1	3449	20	3459	0.0	5267	3500	3471
TcBrA4_Chr24_ID=TcBrA4_0185570;description=dispersed_1	TcBrA4_Chr21_166_780845_791260	81.642	3459	586	12	1	3449	1	3420	0.0	5239	3500	3420
TcBrA4_Chr26_ID=TcBrA4_0185540;description=dispersed_1	TcBrA4_Chr16_24_383191_372739	53.999	2876	1225	36	55	2872	48	2883	0.0	2669	3352	3484
TcBrA4_Chr26_ID=TcBrA4_0185540;description=dispersed_1	TcBrA4_Chr16_24_383191_372739	61.660	506	189	4	2845	3348	2932	3434	4.05e-172	590	3352	3484
TcBrA4_Chr26_ID=TcBrA4_0185540;description=dispersed_1	TcBrA4_Chr17_26_101243_90859	54.896	2829	1189	30	69	2850	59	2847	0.0	2660	3352	3442
TcBrA4_Chr26_ID=TcBrA4_0185540;description=dispersed_1	TcBrA4_Chr17_26_101243_90859	62.963	513	182	4	2845	3351	2910	3420	4.95e-176	603	3352	3442
TcBrA4_Chr26_ID=TcBrA4_0185540;description=dispersed_1	TcBrA4_Chr2_157_1954875_1965313	53.496	2903	1265	35	55	2906	48	2916	0.0	2649	3352	3448
TcBrA4_Chr26_ID=TcBrA4_0185540;description=dispersed_1	TcBrA4_Chr2_157_1954875_1965313	63.783	497	175	4	2845	3338	2928	3422	1.55e-171	588	3352	3448
TcBrA4_Chr26_ID=TcBrA4_0185540;description=dispersed_1	TcBrA4_Chr3_54_771783_761468	54.372	2836	1207	32	69	2850	1	2803	0.0	2645	3352	3386
TcBrA4_Chr26_ID=TcBrA4_0185540;description=dispersed_1	TcBrA4_Chr3_54_771783_761468	62.076	501	184	5	2845	3342	2866	3363	2.83e-171	587	3352	3386
TcBrA4_Chr26_ID=TcBrA4_0185540;description=dispersed_1	TcBrA4_Contig140_96_39896_29425	53.594	2838	1230	34	69	2850	61	2867	0.0	2613	3352	3471
TcBrA4_Chr26_ID=TcBrA4_0185540;description=dispersed_1	TcBrA4_Contig140_96_39896_29425	60.314	509	189	3	2845	3342	2930	3436	7.73e-167	573	3352	3471
TcBrA4_Chr26_ID=TcBrA4_0185540;description=dispersed_1	TcBrA4_Chr21_166_780845_791260	54.484	2832	1211	34	69	2850	40	2843	0.0	2598	3352	3420
TcBrA4_Chr26_ID=TcBrA4_0185540;description=dispersed_1	TcBrA4_Chr21_166_780845_791260	63.179	497	178	4	2845	3338	2900	3394	4.16e-169	580	3352	3420
TcBrA4_Chr28_ID=TcBrA4_0185620;description=dispersed_1	TcBrA4_Chr16_24_383191_372739	84.453	3467	529	8	1	3461	22	3484	0.0	5566	3462	3484
TcBrA4_Chr28_ID=TcBrA4_0185620;description=dispersed_1	TcBrA4_Chr2_157_1954875_1965313	84.932	3431	510	5	1	3428	22	3448	0.0	5481	3462	3448
TcBrA4_Chr28_ID=TcBrA4_0185620;description=dispersed_1	TcBrA4_Chr3_54_771783_761468	84.792	3393	505	6	40	3428	1	3386	0.0	5462	3462	3386
TcBrA4_Chr28_ID=TcBrA4_0185620;description=dispersed_1	TcBrA4_Chr21_166_780845_791260	85.023	3432	498	8	1	3428	1	3420	0.0	5442	3462	3420
TcBrA4_Chr28_ID=TcBrA4_0185620;description=dispersed_1	TcBrA4_Contig140_96_39896_29425	84.421	3447	519	8	1	3432	20	3463	0.0	5438	3462	3471
TcBrA4_Chr28_ID=TcBrA4_0185620;description=dispersed_1	TcBrA4_Chr17_26_101243_90859	84.483	3435	508	7	1	3432	22	3434	0.0	5431	3462	3442
TcBrA4_Chr30_ID=TcBrA4_0185550;description=dispersed_1	TcBrA4_Chr16_24_383191_372739	83.866	3471	541	9	1	3460	22	3484	0.0	5541	3461	3484
TcBrA4_Chr30_ID=TcBrA4_0185550;description=dispersed_1	TcBrA4_Chr2_157_1954875_1965313	84.961	3431	508	5	1	3427	22	3448	0.0	5456	3461	3448
TcBrA4_Chr30_ID=TcBrA4_0185550;description=dispersed_1	TcBrA4_Chr3_54_771783_761468	84.863	3389	509	3	40	3427	1	3386	0.0	5439	3461	3386
TcBrA4_Chr30_ID=TcBrA4_0185550;description=dispersed_1	TcBrA4_Chr17_26_101243_90859	84.624	3434	504	6	1	3431	22	3434	0.0	5438	3461	3442
TcBrA4_Chr30_ID=TcBrA4_0185550;description=dispersed_1	TcBrA4_Contig140_96_39896_29425	84.068	3446	530	7	1	3431	22	3463	0.0	5417	3461	3471
TcBrA4_Chr30_ID=TcBrA4_0185550;description=dispersed_1	TcBrA4_Chr21_166_780845_791260	84.674	3432	509	7	1	3427	1	3420	0.0	5397	3461	3420
TcBrA4_Chr32_ID=TcBrA4_0185630;description=dispersed_1	TcBrA4_Chr16_24_383191_372739	84.648	3485	522	7	1	3475	1	3482	0.0	5636	3476	3484
TcBrA4_Chr32_ID=TcBrA4_0185630;description=dispersed_1	TcBrA4_Contig140_96_39896_29425	85.397	3465	487	8	1	3448	1	3463	0.0	5569	3476	3471
TcBrA4_Chr32_ID=TcBrA4_0185630;description=dispersed_1	TcBrA4_Chr2_157_1954875_1965313	84.232	3450	536	6	1	3444	1	3448	0.0	5461	3476	3448
TcBrA4_Chr32_ID=TcBrA4_0185630;description=dispersed_1	TcBrA4_Chr3_54_771783_761468	84.863	3389	505	5	61	3444	1	3386	0.0	5453	3476	3386
TcBrA4_Chr32_ID=TcBrA4_0185630;description=dispersed_1	TcBrA4_Chr17_26_101243_90859	83.849	3455	530	8	1	3448	1	3434	0.0	5441	3476	3442
TcBrA4_Chr32_ID=TcBrA4_0185630;description=dispersed_1	TcBrA4_Chr21_166_780845_791260	83.882	3431	530	11	24	3444	3	3420	0.0	5366	3476	3420
TcBrA4_Chr3_ID=TcBrA4_0185610;description=dispersed_1	TcBrA4_Chr16_24_383191_372739	83.444	3461	564	6	1	3456	22	3478	0.0	5506	3464	3484
TcBrA4_Chr3_ID=TcBrA4_0185610;description=dispersed_1	TcBrA4_Chr2_157_1954875_1965313	84.369	3429	534	2	1	3429	22	3448	0.0	5435	3464	3448
TcBrA4_Chr3_ID=TcBrA4_0185610;description=dispersed_1	TcBrA4_Chr3_54_771783_761468	84.110	3392	531	6	40	3429	1	3386	0.0	5397	3464	3386
TcBrA4_Chr3_ID=TcBrA4_0185610;description=dispersed_1	TcBrA4_Contig140_96_39896_29425	83.740	3444	547	5	1	3433	22	3463	0.0	5389	3464	3471
TcBrA4_Chr3_ID=TcBrA4_0185610;description=dispersed_1	TcBrA4_Chr17_26_101243_90859	83.663	3434	539	6	1	3433	22	3434	0.0	5364	3464	3442
TcBrA4_Chr3_ID=TcBrA4_0185610;description=dispersed_1	TcBrA4_Chr21_166_780845_791260	84.096	3433	529	9	1	3429	1	3420	0.0	5349	3464	3420
TcBrA4_Chr7_ID=TcBrA4_0185660;description=dispersed_1	TcBrA4_Chr16_24_383191_372739	85.146	3467	506	6	1	3462	22	3484	0.0	5625	3463	3484
TcBrA4_Chr7_ID=TcBrA4_0185660;description=dispersed_1	TcBrA4_Contig140_96_39896_29425	84.935	3445	504	5	1	3433	22	3463	0.0	5475	3463	3471
TcBrA4_Chr7_ID=TcBrA4_0185660;description=dispersed_1	TcBrA4_Chr2_157_1954875_1965313	84.382	3432	528	4	1	3429	22	3448	0.0	5437	3463	3448
TcBrA4_Chr7_ID=TcBrA4_0185660;description=dispersed_1	TcBrA4_Chr21_166_780845_791260	84.703	3432	510	8	1	3429	1	3420	0.0	5407	3463	3420
TcBrA4_Chr7_ID=TcBrA4_0185660;description=dispersed_1	TcBrA4_Chr3_54_771783_761468	83.976	3395	530	8	40	3429	1	3386	0.0	5399	3463	3386
TcBrA4_Chr7_ID=TcBrA4_0185660;description=dispersed_1	TcBrA4_Chr17_26_101243_90859	83.847	3436	529	7	1	3433	22	3434	0.0	5398	3463	3442
