TcBrA4_Chr11_ID=TcBrA4_0119980;description=dispersed_1	TcBrA4_Chr2_157_1954875_1965313	85.528	2916	415	3	1	2916	1	2909	0.0	4699	2917	3448
TcBrA4_Chr11_ID=TcBrA4_0119980;description=dispersed_1	TcBrA4_Chr42_74_88943_78499	84.801	2895	434	2	22	2916	1	2889	0.0	4632	2917	3273
TcBrA4_Chr11_ID=TcBrA4_0119980;description=dispersed_1	TcBrA4_Chr16_24_383191_372739	82.557	2918	502	5	1	2916	1	2913	0.0	4594	2917	3484
TcBrA4_Chr11_ID=TcBrA4_0119980;description=dispersed_1	TcBrA4_Contig140_96_39896_29425	81.865	2917	522	4	1	2916	1	2911	0.0	4501	2917	3471
TcBrA4_Chr11_ID=TcBrA4_0119980;description=dispersed_1	TcBrA4_Chr6_81_13533_3087	82.408	2899	497	3	22	2916	1	2890	0.0	4484	2917	3133
TcBrA4_Chr11_ID=TcBrA4_0119980;description=dispersed_1	TcBrA4_Chr17_26_101243_90859	81.927	2916	502	5	1	2916	1	2891	0.0	4482	2917	3442
TcBrA4_Chr11_ID=TcBrA4_0119980;description=dispersed_1	TcBrA4_Chr21_166_780845_791260	82.977	2896	478	7	22	2916	1	2882	0.0	4477	2917	3420
TcBrA4_Chr11_ID=TcBrA4_0119980;description=dispersed_1	TcBrA4_Chr3_54_771783_761468	82.633	2856	487	2	61	2916	1	2847	0.0	4460	2917	3386
TcBrA4_Chr11_ID=TcBrA4_0119980;description=dispersed_1	TcBrA4_Chr12_142_853225_863592	81.135	2290	427	2	1	2290	1	2285	0.0	3454	2917	2944
TcBrA4_Chr11_ID=TcBrA4_0119980;description=dispersed_1	TcBrA4_Chr12_142_853225_863592	84.461	399	62	0	2518	2916	2487	2885	0.0	627	2917	2944
TcBrA4_Chr11_ID=TcBrA4_0119980;description=dispersed_1	TcBrA4_Chr12_142_853225_863592	24.348	2415	1405	98	466	2678	73	2267	1.11e-63	234	2917	2944
TcBrA4_Chr11_ID=TcBrA4_0119980;description=dispersed_1	TcBrA4_Chr12_142_853225_863592	25.015	1675	1003	66	1293	2853	99	1634	9.76e-48	181	2917	2944
TcBrA4_Chr11_ID=TcBrA4_0119980;description=dispersed_1	TcBrA4_Chr12_142_853225_863592	23.991	1809	1101	72	1184	2859	391	2058	7.77e-46	175	2917	2944
TcBrA4_Chr11_ID=TcBrA4_0119980;description=dispersed_1	TcBrA4_Chr12_142_853225_863592	27.123	848	533	30	2065	2869	62	867	1.97e-31	127	2917	2944
TcBrA4_Chr11_ID=TcBrA4_0119980;description=dispersed_1	TcBrA4_Chr12_142_853225_863592	28.169	355	230	9	2114	2458	2488	2827	5.15e-15	73.6	2917	2944
TcBrA4_Chr11_ID=TcBrA4_0119980;description=dispersed_1	TcBrA4_Chr12_142_853225_863592	28.726	369	196	15	116	449	2491	2827	1.58e-10	58.5	2917	2944
TcBrA4_Chr11_ID=TcBrA4_0119980;description=dispersed_1	TcBrA4_Chr12_142_853225_863592	29.958	237	121	9	1410	1641	2631	2827	7.86e-10	56.2	2917	2944
TcBrA4_Chr11_ID=TcBrA4_0119980;description=dispersed_1	TcBrA4_Chr12_142_853225_863592	23.416	363	223	12	542	880	2523	2854	1.28e-07	48.9	2917	2944
TcBrA4_Chr11_ID=TcBrA4_0119980;description=dispersed_1	TcBrA4_Chr12_142_853225_863592	30.872	149	86	6	1921	2063	2691	2828	6.67e-07	46.6	2917	2944
TcBrA4_Chr11_ID=TcBrA4_0119980;description=dispersed_1	TcBrA4_Chr12_142_853225_863592	28.205	156	92	8	1099	1246	2684	2827	7.56e-07	46.6	2917	2944
TcBrA4_Chr11_ID=TcBrA4_0119650;description=dispersed_1	TcBrA4_Chr17_26_101243_90859	87.959	3455	393	5	1	3453	1	3434	0.0	5733	3483	3442
TcBrA4_Chr11_ID=TcBrA4_0119650;description=dispersed_1	TcBrA4_Chr16_24_383191_372739	85.427	3486	502	4	1	3482	1	3484	0.0	5696	3483	3484
TcBrA4_Chr11_ID=TcBrA4_0119650;description=dispersed_1	TcBrA4_Chr2_157_1954875_1965313	86.642	3451	456	2	1	3449	1	3448	0.0	5648	3483	3448
TcBrA4_Chr11_ID=TcBrA4_0119650;description=dispersed_1	TcBrA4_Contig140_96_39896_29425	83.641	3466	551	6	1	3453	1	3463	0.0	5430	3483	3471
TcBrA4_Chr11_ID=TcBrA4_0119650;description=dispersed_1	TcBrA4_Chr21_166_780845_791260	84.703	3432	509	9	22	3449	1	3420	0.0	5407	3483	3420
TcBrA4_Chr11_ID=TcBrA4_0119650;description=dispersed_1	TcBrA4_Chr3_54_771783_761468	83.765	3394	538	7	61	3449	1	3386	0.0	5394	3483	3386
TcBrA4_Chr11_ID=TcBrA4_0119650;description=dispersed_1	TcBrA4_Chr42_74_88943_78499	84.780	3272	488	4	22	3288	1	3267	0.0	5220	3483	3273
TcBrA4_Chr11_ID=TcBrA4_0119650;description=dispersed_1	TcBrA4_Chr6_81_13533_3087	82.520	3135	533	6	22	3148	1	3128	0.0	4799	3483	3133
TcBrA4_Chr11_ID=TcBrA4_0119650;description=dispersed_1	TcBrA4_Chr12_142_853225_863592	91.561	2287	190	3	1	2286	1	2285	0.0	3963	3483	2944
TcBrA4_Chr11_ID=TcBrA4_0119650;description=dispersed_1	TcBrA4_Chr12_142_853225_863592	87.336	458	56	1	2514	2969	2487	2944	0.0	749	3483	2944
TcBrA4_Chr11_ID=TcBrA4_0119650;description=dispersed_1	TcBrA4_Chr12_142_853225_863592	24.562	2398	1445	91	465	2700	73	2268	3.78e-63	232	3483	2944
TcBrA4_Chr11_ID=TcBrA4_0119650;description=dispersed_1	TcBrA4_Chr12_142_853225_863592	25.000	1812	1089	77	1178	2853	381	2058	5.78e-51	192	3483	2944
TcBrA4_Chr11_ID=TcBrA4_0119650;description=dispersed_1	TcBrA4_Chr12_142_853225_863592	27.230	852	505	32	2061	2852	62	858	7.81e-32	129	3483	2944
TcBrA4_Chr11_ID=TcBrA4_0119650;description=dispersed_1	TcBrA4_Chr12_142_853225_863592	28.342	374	242	12	2098	2467	2486	2837	4.41e-15	73.9	3483	2944
TcBrA4_Chr11_ID=TcBrA4_0119650;description=dispersed_1	TcBrA4_Chr12_142_853225_863592	29.063	320	200	12	144	449	2521	2827	2.74e-09	55.1	3483	2944
TcBrA4_Chr11_ID=TcBrA4_0119650;description=dispersed_1	TcBrA4_Chr12_142_853225_863592	33.571	140	88	5	1502	1639	2691	2827	6.88e-09	53.5	3483	2944
TcBrA4_Chr11_ID=TcBrA4_0119650;description=dispersed_1	TcBrA4_Chr12_142_853225_863592	24.796	367	228	12	541	889	2523	2859	3.59e-08	51.2	3483	2944
TcBrA4_Chr13_ID=TcBrA4_0185900;description=dispersed_1	TcBrA4_Chr16_24_383191_372739	84.127	3484	545	5	1	3480	1	3480	0.0	5598	3483	3484
TcBrA4_Chr13_ID=TcBrA4_0185900;description=dispersed_1	TcBrA4_Chr2_157_1954875_1965313	85.255	3452	504	4	1	3451	1	3448	0.0	5551	3483	3448
TcBrA4_Chr13_ID=TcBrA4_0185900;description=dispersed_1	TcBrA4_Contig140_96_39896_29425	84.886	3467	508	7	1	3455	1	3463	0.0	5508	3483	3471
TcBrA4_Chr13_ID=TcBrA4_0185900;description=dispersed_1	TcBrA4_Chr17_26_101243_90859	84.693	3456	506	5	1	3455	1	3434	0.0	5508	3483	3442
TcBrA4_Chr13_ID=TcBrA4_0185900;description=dispersed_1	TcBrA4_Chr3_54_771783_761468	84.999	3393	500	6	61	3451	1	3386	0.0	5459	3483	3386
TcBrA4_Chr13_ID=TcBrA4_0185900;description=dispersed_1	TcBrA4_Chr21_166_780845_791260	84.716	3435	505	11	22	3451	1	3420	0.0	5424	3483	3420
TcBrA4_Chr13_ID=TcBrA4_0185900;description=dispersed_1	TcBrA4_Chr42_74_88943_78499	84.484	3274	495	5	22	3289	1	3267	0.0	5181	3483	3273
TcBrA4_Chr13_ID=TcBrA4_0185900;description=dispersed_1	TcBrA4_Chr6_81_13533_3087	83.535	3134	504	5	22	3149	1	3128	0.0	4865	3483	3133
TcBrA4_Chr13_ID=TcBrA4_0185900;description=dispersed_1	TcBrA4_Chr12_142_853225_863592	82.255	2288	401	3	1	2286	1	2285	0.0	3497	3483	2944
TcBrA4_Chr13_ID=TcBrA4_0185900;description=dispersed_1	TcBrA4_Chr12_142_853225_863592	85.808	458	65	0	2514	2971	2487	2944	0.0	734	3483	2944
TcBrA4_Chr13_ID=TcBrA4_0185900;description=dispersed_1	TcBrA4_Chr12_142_853225_863592	25.120	1672	1001	63	1293	2849	99	1634	6.26e-58	215	3483	2944
TcBrA4_Chr13_ID=TcBrA4_0185900;description=dispersed_1	TcBrA4_Chr12_142_853225_863592	25.110	1820	1103	73	1167	2855	368	2058	3.63e-54	202	3483	2944
TcBrA4_Chr13_ID=TcBrA4_0185900;description=dispersed_1	TcBrA4_Chr12_142_853225_863592	29.810	369	229	13	2110	2467	2488	2837	1.99e-15	75.1	3483	2944
TcBrA4_Chr13_ID=TcBrA4_0185900;description=dispersed_1	TcBrA4_Chr12_142_853225_863592	26.426	333	203	12	543	861	2523	2827	3.23e-12	64.7	3483	2944
TcBrA4_Chr13_ID=TcBrA4_0185900;description=dispersed_1	TcBrA4_Chr12_142_853225_863592	29.752	363	200	14	116	449	2491	2827	4.21e-11	60.8	3483	2944
TcBrA4_Chr13_ID=TcBrA4_0185900;description=dispersed_1	TcBrA4_Chr12_142_853225_863592	31.818	154	93	6	1097	1246	2682	2827	1.48e-10	58.9	3483	2944
TcBrA4_Chr13_ID=TcBrA4_0185900;description=dispersed_1	TcBrA4_Chr12_142_853225_863592	27.692	260	129	10	2380	2619	1990	2210	1.82e-09	55.5	3483	2944
TcBrA4_Chr13_ID=TcBrA4_0185900;description=dispersed_1	TcBrA4_Chr12_142_853225_863592	32.308	130	85	3	1513	1641	2700	2827	1.97e-09	55.5	3483	2944
TcBrA4_Chr13_ID=TcBrA4_0185900;description=dispersed_1	TcBrA4_Chr12_142_853225_863592	28.767	146	89	6	1919	2059	2693	2828	1.74e-06	45.4	3483	2944
TcBrA4_Chr14_ID=TcBrA4_0185530;description=dispersed_1	TcBrA4_Chr16_24_383191_372739	84.973	3467	513	7	1	3463	22	3484	0.0	5631	3464	3484
TcBrA4_Chr14_ID=TcBrA4_0185530;description=dispersed_1	TcBrA4_Chr2_157_1954875_1965313	85.198	3432	501	4	1	3430	22	3448	0.0	5515	3464	3448
TcBrA4_Chr14_ID=TcBrA4_0185530;description=dispersed_1	TcBrA4_Chr17_26_101243_90859	84.750	3436	499	6	1	3434	22	3434	0.0	5467	3464	3442
TcBrA4_Chr14_ID=TcBrA4_0185530;description=dispersed_1	TcBrA4_Contig140_96_39896_29425	84.691	3449	508	9	1	3434	20	3463	0.0	5444	3464	3471
TcBrA4_Chr14_ID=TcBrA4_0185530;description=dispersed_1	TcBrA4_Chr3_54_771783_761468	84.507	3395	513	7	40	3430	1	3386	0.0	5439	3464	3386
TcBrA4_Chr14_ID=TcBrA4_0185530;description=dispersed_1	TcBrA4_Chr21_166_780845_791260	84.886	3434	501	11	1	3430	1	3420	0.0	5428	3464	3420
TcBrA4_Chr14_ID=TcBrA4_0185530;description=dispersed_1	TcBrA4_Chr42_74_88943_78499	84.143	3273	509	6	1	3269	1	3267	0.0	5166	3464	3273
TcBrA4_Chr14_ID=TcBrA4_0185530;description=dispersed_1	TcBrA4_Chr6_81_13533_3087	82.876	3136	522	6	1	3129	1	3128	0.0	4846	3464	3133
TcBrA4_Chr14_ID=TcBrA4_0185530;description=dispersed_1	TcBrA4_Chr12_142_853225_863592	80.908	2268	426	5	1	2265	22	2285	0.0	3403	3464	2944
TcBrA4_Chr14_ID=TcBrA4_0185530;description=dispersed_1	TcBrA4_Chr12_142_853225_863592	86.245	458	63	0	2493	2950	2487	2944	0.0	734	3464	2944
TcBrA4_Chr14_ID=TcBrA4_0185530;description=dispersed_1	TcBrA4_Chr12_142_853225_863592	24.410	2372	1454	96	444	2653	73	2267	1.84e-60	223	3464	2944
TcBrA4_Chr14_ID=TcBrA4_0185530;description=dispersed_1	TcBrA4_Chr12_142_853225_863592	28.318	844	508	33	2040	2833	62	858	1.17e-32	132	3464	2944
TcBrA4_Chr14_ID=TcBrA4_0185530;description=dispersed_1	TcBrA4_Chr12_142_853225_863592	29.296	355	226	11	2089	2433	2488	2827	3.45e-16	77.8	3464	2944
TcBrA4_Chr14_ID=TcBrA4_0185530;description=dispersed_1	TcBrA4_Chr12_142_853225_863592	30.278	360	207	17	92	427	2488	2827	1.17e-11	62.8	3464	2944
TcBrA4_Chr14_ID=TcBrA4_0185530;description=dispersed_1	TcBrA4_Chr12_142_853225_863592	31.538	130	86	3	1489	1617	2700	2827	1.90e-09	55.5	3464	2944
TcBrA4_Chr14_ID=TcBrA4_0185530;description=dispersed_1	TcBrA4_Chr12_142_853225_863592	26.087	368	207	16	520	858	2523	2854	4.35e-09	54.3	3464	2944
TcBrA4_Chr14_ID=TcBrA4_0185530;description=dispersed_1	TcBrA4_Chr12_142_853225_863592	25.296	253	135	11	978	1223	2622	2827	4.69e-06	44.3	3464	2944
TcBrA4_Chr17_ID=TcBrA4_0186020;description=dispersed_1	TcBrA4_Chr16_24_383191_372739	80.165	2909	560	8	1	2900	22	2922	0.0	4440	2901	3484
TcBrA4_Chr17_ID=TcBrA4_0186020;description=dispersed_1	TcBrA4_Chr17_26_101243_90859	81.721	2905	500	8	1	2900	22	2900	0.0	4418	2901	3442
TcBrA4_Chr17_ID=TcBrA4_0186020;description=dispersed_1	TcBrA4_Chr3_54_771783_761468	81.885	2865	508	6	38	2900	1	2856	0.0	4414	2901	3386
TcBrA4_Chr17_ID=TcBrA4_0186020;description=dispersed_1	TcBrA4_Chr2_157_1954875_1965313	80.936	2906	539	7	1	2900	22	2918	0.0	4408	2901	3448
TcBrA4_Chr17_ID=TcBrA4_0186020;description=dispersed_1	TcBrA4_Chr42_74_88943_78499	80.990	2909	533	6	1	2900	1	2898	0.0	4390	2901	3273
TcBrA4_Chr17_ID=TcBrA4_0186020;description=dispersed_1	TcBrA4_Contig140_96_39896_29425	80.970	2906	538	8	1	2898	20	2918	0.0	4372	2901	3471
TcBrA4_Chr17_ID=TcBrA4_0186020;description=dispersed_1	TcBrA4_Chr6_81_13533_3087	80.351	2906	558	6	1	2900	1	2899	0.0	4358	2901	3133
TcBrA4_Chr17_ID=TcBrA4_0186020;description=dispersed_1	TcBrA4_Chr21_166_780845_791260	80.193	2908	550	11	1	2900	1	2890	0.0	4318	2901	3420
TcBrA4_Chr17_ID=TcBrA4_0186020;description=dispersed_1	TcBrA4_Chr12_142_853225_863592	78.680	2228	469	4	37	2260	60	2285	0.0	3313	2901	2944
TcBrA4_Chr17_ID=TcBrA4_0186020;description=dispersed_1	TcBrA4_Chr12_142_853225_863592	83.535	413	63	1	2488	2900	2487	2894	0.0	634	2901	2944
TcBrA4_Chr17_ID=TcBrA4_0186020;description=dispersed_1	TcBrA4_Chr12_142_853225_863592	23.608	2334	1405	92	442	2593	73	2210	1.49e-55	207	2901	2944
TcBrA4_Chr17_ID=TcBrA4_0186020;description=dispersed_1	TcBrA4_Chr12_142_853225_863592	24.515	1803	1108	68	1155	2829	381	2058	1.31e-52	197	2901	2944
TcBrA4_Chr17_ID=TcBrA4_0186020;description=dispersed_1	TcBrA4_Chr12_142_853225_863592	29.859	355	224	11	2084	2428	2488	2827	1.66e-15	75.1	2901	2944
TcBrA4_Chr17_ID=TcBrA4_0186020;description=dispersed_1	TcBrA4_Chr12_142_853225_863592	28.184	369	216	16	486	836	2490	2827	9.85e-13	65.9	2901	2944
TcBrA4_Chr17_ID=TcBrA4_0186020;description=dispersed_1	TcBrA4_Chr12_142_853225_863592	35.878	131	80	4	1488	1617	2700	2827	1.15e-12	65.9	2901	2944
TcBrA4_Chr17_ID=TcBrA4_0186020;description=dispersed_1	TcBrA4_Chr12_142_853225_863592	27.763	371	242	10	2467	2828	96	449	1.18e-11	62.4	2901	2944
TcBrA4_Chr17_ID=TcBrA4_0186020;description=dispersed_1	TcBrA4_Chr12_142_853225_863592	29.759	373	197	16	93	431	2491	2832	9.13e-11	59.3	2901	2944
TcBrA4_Chr17_ID=TcBrA4_0186020;description=dispersed_1	TcBrA4_Chr12_142_853225_863592	25.658	152	102	5	1075	1222	2684	2828	6.13e-08	50.1	2901	2944
TcBrA4_Chr17_ID=TcBrA4_0185670;description=dispersed_1	TcBrA4_Chr17_26_101243_90859	81.150	3443	551	13	1	3379	22	3430	0.0	5230	3430	3442
TcBrA4_Chr17_ID=TcBrA4_0185670;description=dispersed_1	TcBrA4_Chr16_24_383191_372739	78.234	3510	630	20	1	3427	22	3480	0.0	5174	3430	3484
TcBrA4_Chr17_ID=TcBrA4_0185670;description=dispersed_1	TcBrA4_Chr21_166_780845_791260	78.557	3465	612	18	1	3379	1	3420	0.0	5004	3430	3420
TcBrA4_Chr17_ID=TcBrA4_0185670;description=dispersed_1	TcBrA4_Chr3_54_771783_761468	81.935	3183	536	9	204	3379	236	3386	0.0	4955	3430	3386
TcBrA4_Chr17_ID=TcBrA4_0185670;description=dispersed_1	TcBrA4_Chr3_54_771783_761468	24.588	2550	1583	94	373	2755	13	2389	1.58e-88	316	3430	3386
TcBrA4_Chr17_ID=TcBrA4_0185670;description=dispersed_1	TcBrA4_Chr3_54_771783_761468	90.476	168	16	0	38	205	1	168	2.49e-83	299	3430	3386
TcBrA4_Chr17_ID=TcBrA4_0185670;description=dispersed_1	TcBrA4_Chr3_54_771783_761468	27.690	827	525	29	1976	2764	16	807	5.56e-37	146	3430	3386
TcBrA4_Chr17_ID=TcBrA4_0185670;description=dispersed_1	TcBrA4_Chr3_54_771783_761468	27.330	794	450	30	79	774	2034	2798	9.42e-30	122	3430	3386
TcBrA4_Chr17_ID=TcBrA4_0185670;description=dispersed_1	TcBrA4_Chr3_54_771783_761468	27.100	369	178	14	73	357	2428	2789	3.02e-07	48.1	3430	3386
TcBrA4_Chr17_ID=TcBrA4_0185670;description=dispersed_1	TcBrA4_Chr2_157_1954875_1965313	81.564	3184	548	7	204	3379	296	3448	0.0	4927	3430	3448
TcBrA4_Chr17_ID=TcBrA4_0185670;description=dispersed_1	TcBrA4_Chr2_157_1954875_1965313	76.569	239	48	2	1	237	22	254	1.59e-91	326	3430	3448
TcBrA4_Chr17_ID=TcBrA4_0185670;description=dispersed_1	TcBrA4_Chr2_157_1954875_1965313	25.030	2513	1620	98	373	2755	73	2451	9.44e-86	307	3430	3448
TcBrA4_Chr17_ID=TcBrA4_0185670;description=dispersed_1	TcBrA4_Chr2_157_1954875_1965313	27.708	794	447	29	71	767	2088	2851	7.28e-33	132	3430	3448
TcBrA4_Chr17_ID=TcBrA4_0185670;description=dispersed_1	TcBrA4_Contig140_96_39896_29425	81.146	3193	557	7	204	3379	295	3459	0.0	4903	3430	3471
TcBrA4_Chr17_ID=TcBrA4_0185670;description=dispersed_1	TcBrA4_Contig140_96_39896_29425	25.078	2556	1567	98	373	2755	73	2453	4.88e-90	321	3430	3471
TcBrA4_Chr17_ID=TcBrA4_0185670;description=dispersed_1	TcBrA4_Contig140_96_39896_29425	24.643	1469	920	57	199	1557	1475	2866	8.28e-46	175	3430	3471
TcBrA4_Chr17_ID=TcBrA4_0185670;description=dispersed_1	TcBrA4_Contig140_96_39896_29425	27.239	804	454	29	71	774	2090	2862	4.42e-32	130	3430	3471
TcBrA4_Chr17_ID=TcBrA4_0185670;description=dispersed_1	TcBrA4_Chr42_74_88943_78499	81.163	3026	526	6	204	3218	275	3267	0.0	4654	3430	3273
TcBrA4_Chr17_ID=TcBrA4_0185670;description=dispersed_1	TcBrA4_Chr42_74_88943_78499	89.855	207	19	1	1	205	1	207	4.39e-94	334	3430	3273
TcBrA4_Chr17_ID=TcBrA4_0185670;description=dispersed_1	TcBrA4_Chr42_74_88943_78499	24.737	2563	1571	98	373	2755	52	2436	3.40e-79	285	3430	3273
TcBrA4_Chr17_ID=TcBrA4_0185670;description=dispersed_1	TcBrA4_Chr42_74_88943_78499	27.857	840	506	33	1976	2764	55	845	1.04e-38	152	3430	3273
TcBrA4_Chr17_ID=TcBrA4_0185670;description=dispersed_1	TcBrA4_Chr42_74_88943_78499	30.769	156	104	3	39	193	2043	2195	1.36e-08	52.8	3430	3273
TcBrA4_Chr17_ID=TcBrA4_0185670;description=dispersed_1	TcBrA4_Chr6_81_13533_3087	77.314	3165	594	13	1	3078	1	3128	0.0	4488	3430	3133
TcBrA4_Chr17_ID=TcBrA4_0185670;description=dispersed_1	TcBrA4_Chr12_142_853225_863592	77.510	1992	438	4	204	2187	296	2285	0.0	2961	3430	2944
TcBrA4_Chr17_ID=TcBrA4_0185670;description=dispersed_1	TcBrA4_Chr12_142_853225_863592	80.000	485	70	2	2415	2899	2487	2944	0.0	708	3430	2944
TcBrA4_Chr17_ID=TcBrA4_0185670;description=dispersed_1	TcBrA4_Chr12_142_853225_863592	92.308	169	13	0	37	205	60	228	8.50e-85	304	3430	2944
TcBrA4_Chr17_ID=TcBrA4_0185670;description=dispersed_1	TcBrA4_Chr12_142_853225_863592	24.019	2319	1410	88	373	2520	73	2210	7.11e-64	235	3430	2944
TcBrA4_Chr17_ID=TcBrA4_0185670;description=dispersed_1	TcBrA4_Chr12_142_853225_863592	24.509	1832	1132	72	1051	2756	352	2058	1.20e-48	184	3430	2944
TcBrA4_Chr17_ID=TcBrA4_0185670;description=dispersed_1	TcBrA4_Chr12_142_853225_863592	26.970	901	550	34	1976	2819	76	925	6.50e-35	139	3430	2944
TcBrA4_Chr17_ID=TcBrA4_0185670;description=dispersed_1	TcBrA4_Chr12_142_853225_863592	29.076	368	233	12	2011	2368	2488	2837	8.76e-15	73.2	3430	2944
TcBrA4_Chr17_ID=TcBrA4_0185670;description=dispersed_1	TcBrA4_Chr12_142_853225_863592	35.115	131	81	4	1415	1544	2700	2827	2.61e-11	61.6	3430	2944
TcBrA4_Chr17_ID=TcBrA4_0185670;description=dispersed_1	TcBrA4_Chr12_142_853225_863592	27.882	373	212	16	417	767	2490	2827	4.69e-11	60.8	3430	2944
TcBrA4_Chr17_ID=TcBrA4_0185670;description=dispersed_1	TcBrA4_Chr12_142_853225_863592	28.105	153	98	6	1006	1154	2684	2828	3.67e-09	54.3	3430	2944
TcBrA4_Chr17_ID=TcBrA4_0185670;description=dispersed_1	TcBrA4_Chr12_142_853225_863592	32.258	124	82	2	71	193	2090	2212	2.37e-07	48.5	3430	2944
TcBrA4_Chr18_ID=TcBrA4_0185600;description=dispersed_1	TcBrA4_Chr16_24_383191_372739	84.951	3462	513	7	1	3459	22	3478	0.0	5599	3467	3484
TcBrA4_Chr18_ID=TcBrA4_0185600;description=dispersed_1	TcBrA4_Contig140_96_39896_29425	85.557	3448	482	7	1	3436	20	3463	0.0	5509	3467	3471
TcBrA4_Chr18_ID=TcBrA4_0185600;description=dispersed_1	TcBrA4_Chr3_54_771783_761468	85.445	3394	485	5	40	3432	1	3386	0.0	5491	3467	3386
TcBrA4_Chr18_ID=TcBrA4_0185600;description=dispersed_1	TcBrA4_Chr17_26_101243_90859	84.924	3436	495	6	1	3436	22	3434	0.0	5471	3467	3442
TcBrA4_Chr18_ID=TcBrA4_0185600;description=dispersed_1	TcBrA4_Chr2_157_1954875_1965313	84.848	3432	515	4	1	3432	22	3448	0.0	5455	3467	3448
TcBrA4_Chr18_ID=TcBrA4_0185600;description=dispersed_1	TcBrA4_Chr21_166_780845_791260	85.381	3434	486	9	1	3432	1	3420	0.0	5454	3467	3420
TcBrA4_Chr18_ID=TcBrA4_0185600;description=dispersed_1	TcBrA4_Chr42_74_88943_78499	84.051	3273	513	3	1	3270	1	3267	0.0	5147	3467	3273
TcBrA4_Chr18_ID=TcBrA4_0185600;description=dispersed_1	TcBrA4_Chr6_81_13533_3087	85.163	3134	455	3	1	3130	1	3128	0.0	4947	3467	3133
TcBrA4_Chr18_ID=TcBrA4_0185600;description=dispersed_1	TcBrA4_Chr12_142_853225_863592	82.921	2266	385	1	1	2266	22	2285	0.0	3474	3467	2944
TcBrA4_Chr18_ID=TcBrA4_0185600;description=dispersed_1	TcBrA4_Chr12_142_853225_863592	87.991	458	55	0	2494	2951	2487	2944	0.0	753	3467	2944
TcBrA4_Chr18_ID=TcBrA4_0185600;description=dispersed_1	TcBrA4_Chr12_142_853225_863592	24.229	2336	1391	94	445	2599	73	2210	1.05e-57	214	3467	2944
TcBrA4_Chr18_ID=TcBrA4_0185600;description=dispersed_1	TcBrA4_Chr12_142_853225_863592	24.959	1815	1087	69	1159	2835	381	2058	3.54e-57	213	3467	2944
TcBrA4_Chr18_ID=TcBrA4_0185600;description=dispersed_1	TcBrA4_Chr12_142_853225_863592	27.989	368	237	11	2090	2447	2488	2837	5.16e-14	70.5	3467	2944
TcBrA4_Chr18_ID=TcBrA4_0185600;description=dispersed_1	TcBrA4_Chr12_142_853225_863592	30.362	359	188	13	105	428	2496	2827	1.86e-11	62.0	3467	2944
TcBrA4_Chr18_ID=TcBrA4_0185600;description=dispersed_1	TcBrA4_Chr12_142_853225_863592	38.961	77	45	2	1545	1620	2752	2827	5.37e-09	53.9	3467	2944
TcBrA4_Chr18_ID=TcBrA4_0185600;description=dispersed_1	TcBrA4_Chr12_142_853225_863592	24.294	354	231	10	521	859	2523	2854	3.82e-08	51.2	3467	2944
TcBrA4_Chr18_ID=TcBrA4_0185600;description=dispersed_1	TcBrA4_Chr12_142_853225_863592	28.947	152	96	6	1078	1225	2684	2827	2.34e-07	48.5	3467	2944
TcBrA4_Chr18_ID=TcBrA4_0185600;description=dispersed_1	TcBrA4_Chr12_142_853225_863592	30.137	146	91	5	1897	2039	2691	2828	2.50e-07	48.5	3467	2944
TcBrA4_Chr19_ID=TcBrA4_0185650;description=dispersed_1	TcBrA4_Chr16_24_383191_372739	84.049	3492	546	7	1	3489	1	3484	0.0	5600	3490	3484
TcBrA4_Chr19_ID=TcBrA4_0185650;description=dispersed_1	TcBrA4_Chr2_157_1954875_1965313	84.495	3457	526	5	1	3456	1	3448	0.0	5504	3490	3448
TcBrA4_Chr19_ID=TcBrA4_0185650;description=dispersed_1	TcBrA4_Chr17_26_101243_90859	83.993	3461	526	7	1	3460	1	3434	0.0	5452	3490	3442
TcBrA4_Chr19_ID=TcBrA4_0185650;description=dispersed_1	TcBrA4_Contig140_96_39896_29425	83.607	3471	550	8	1	3460	1	3463	0.0	5441	3490	3471
TcBrA4_Chr19_ID=TcBrA4_0185650;description=dispersed_1	TcBrA4_Chr3_54_771783_761468	84.226	3398	522	7	61	3456	1	3386	0.0	5422	3490	3386
TcBrA4_Chr19_ID=TcBrA4_0185650;description=dispersed_1	TcBrA4_Chr21_166_780845_791260	84.376	3437	518	8	22	3456	1	3420	0.0	5419	3490	3420
TcBrA4_Chr19_ID=TcBrA4_0185650;description=dispersed_1	TcBrA4_Chr42_74_88943_78499	84.193	3277	505	6	22	3295	1	3267	0.0	5182	3490	3273
TcBrA4_Chr19_ID=TcBrA4_0185650;description=dispersed_1	TcBrA4_Chr6_81_13533_3087	83.636	3135	505	4	22	3155	1	3128	0.0	4897	3490	3133
TcBrA4_Chr19_ID=TcBrA4_0185650;description=dispersed_1	TcBrA4_Chr12_142_853225_863592	81.346	2289	423	3	1	2289	1	2285	0.0	3467	3490	2944
TcBrA4_Chr19_ID=TcBrA4_0185650;description=dispersed_1	TcBrA4_Chr12_142_853225_863592	84.599	461	67	2	2517	2976	2487	2944	0.0	727	3490	2944
TcBrA4_Chr19_ID=TcBrA4_0185650;description=dispersed_1	TcBrA4_Chr12_142_853225_863592	24.685	2382	1437	93	466	2677	73	2267	5.97e-65	238	3490	2944
TcBrA4_Chr19_ID=TcBrA4_0185650;description=dispersed_1	TcBrA4_Chr12_142_853225_863592	24.666	1869	1064	77	1159	2858	365	2058	6.09e-51	192	3490	2944
TcBrA4_Chr19_ID=TcBrA4_0185650;description=dispersed_1	TcBrA4_Chr12_142_853225_863592	25.227	1653	1025	68	1294	2852	99	1634	1.35e-47	181	3490	2944
TcBrA4_Chr19_ID=TcBrA4_0185650;description=dispersed_1	TcBrA4_Chr12_142_853225_863592	27.582	852	520	31	2064	2866	62	865	2.62e-35	140	3490	2944
TcBrA4_Chr19_ID=TcBrA4_0185650;description=dispersed_1	TcBrA4_Chr12_142_853225_863592	29.014	355	227	11	2113	2457	2488	2827	5.38e-16	77.0	3490	2944
TcBrA4_Chr19_ID=TcBrA4_0185650;description=dispersed_1	TcBrA4_Chr12_142_853225_863592	25.556	360	211	13	546	880	2527	2854	1.28e-09	55.8	3490	2944
TcBrA4_Chr19_ID=TcBrA4_0185650;description=dispersed_1	TcBrA4_Chr12_142_853225_863592	30.769	130	87	3	1514	1642	2700	2827	3.08e-09	54.7	3490	2944
TcBrA4_Chr19_ID=TcBrA4_0185650;description=dispersed_1	TcBrA4_Chr12_142_853225_863592	28.261	368	205	16	113	449	2488	2827	3.98e-08	51.2	3490	2944
TcBrA4_Chr19_ID=TcBrA4_0185650;description=dispersed_1	TcBrA4_Chr12_142_853225_863592	27.673	159	89	8	1100	1247	2684	2827	9.95e-07	46.6	3490	2944
TcBrA4_Chr19_ID=TcBrA4_0185650;description=dispersed_1	TcBrA4_Chr12_142_853225_863592	30.723	166	103	6	1901	2062	2671	2828	3.84e-06	44.7	3490	2944
TcBrA4_Chr19_ID=TcBrA4_0185640;description=dispersed_1	TcBrA4_Chr16_24_383191_372739	83.885	3475	549	6	1	3473	1	3466	0.0	5578	3483	3484
TcBrA4_Chr19_ID=TcBrA4_0185640;description=dispersed_1	TcBrA4_Chr2_157_1954875_1965313	84.673	3458	520	3	1	3458	1	3448	0.0	5508	3483	3448
TcBrA4_Chr19_ID=TcBrA4_0185640;description=dispersed_1	TcBrA4_Chr17_26_101243_90859	83.738	3462	535	5	1	3462	1	3434	0.0	5447	3483	3442
TcBrA4_Chr19_ID=TcBrA4_0185640;description=dispersed_1	TcBrA4_Chr3_54_771783_761468	84.495	3399	513	6	61	3458	1	3386	0.0	5447	3483	3386
TcBrA4_Chr19_ID=TcBrA4_0185640;description=dispersed_1	TcBrA4_Chr21_166_780845_791260	84.589	3439	509	9	22	3458	1	3420	0.0	5444	3483	3420
TcBrA4_Chr19_ID=TcBrA4_0185640;description=dispersed_1	TcBrA4_Contig140_96_39896_29425	83.497	3472	554	6	1	3462	1	3463	0.0	5426	3483	3471
TcBrA4_Chr19_ID=TcBrA4_0185640;description=dispersed_1	TcBrA4_Chr42_74_88943_78499	83.852	3276	520	4	22	3297	1	3267	0.0	5170	3483	3273
TcBrA4_Chr19_ID=TcBrA4_0185640;description=dispersed_1	TcBrA4_Chr6_81_13533_3087	83.185	3140	512	5	22	3157	1	3128	0.0	4879	3483	3133
TcBrA4_Chr19_ID=TcBrA4_0185640;description=dispersed_1	TcBrA4_Chr12_142_853225_863592	80.768	2293	433	3	1	2293	1	2285	0.0	3444	3483	2944
TcBrA4_Chr19_ID=TcBrA4_0185640;description=dispersed_1	TcBrA4_Chr12_142_853225_863592	86.026	458	64	0	2521	2978	2487	2944	0.0	749	3483	2944
TcBrA4_Chr19_ID=TcBrA4_0185640;description=dispersed_1	TcBrA4_Chr12_142_853225_863592	24.496	1837	1108	73	1161	2862	366	2058	1.52e-50	191	3483	2944
TcBrA4_Chr19_ID=TcBrA4_0185640;description=dispersed_1	TcBrA4_Chr12_142_853225_863592	28.098	815	501	28	2098	2870	94	865	7.92e-38	149	3483	2944
TcBrA4_Chr19_ID=TcBrA4_0185640;description=dispersed_1	TcBrA4_Chr12_142_853225_863592	25.099	1259	730	53	1571	2748	1175	2301	9.99e-35	139	3483	2944
TcBrA4_Chr19_ID=TcBrA4_0185640;description=dispersed_1	TcBrA4_Chr12_142_853225_863592	27.887	355	231	10	2117	2461	2488	2827	2.89e-13	68.2	3483	2944
TcBrA4_Chr19_ID=TcBrA4_0185640;description=dispersed_1	TcBrA4_Chr12_142_853225_863592	27.100	369	202	15	116	449	2491	2827	6.17e-09	53.5	3483	2944
TcBrA4_Chr19_ID=TcBrA4_0185640;description=dispersed_1	TcBrA4_Chr12_142_853225_863592	30.000	130	88	3	1515	1643	2700	2827	3.68e-08	51.2	3483	2944
TcBrA4_Chr19_ID=TcBrA4_0185640;description=dispersed_1	TcBrA4_Chr12_142_853225_863592	42.647	68	31	3	822	881	2787	2854	1.83e-07	48.9	3483	2944
TcBrA4_Chr19_ID=TcBrA4_0185640;description=dispersed_1	TcBrA4_Chr12_142_853225_863592	28.302	159	88	9	1101	1248	2684	2827	1.33e-06	45.8	3483	2944
TcBrA4_Chr19_ID=TcBrA4_0185640;description=dispersed_1	TcBrA4_Chr12_142_853225_863592	31.361	169	98	7	1905	2066	2671	2828	1.73e-06	45.4	3483	2944
TcBrA4_Chr1_ID=TcBrA4_0185590;description=dispersed_1	TcBrA4_Contig140_96_39896_29425	87.174	3446	426	7	1	3432	20	3463	0.0	5638	3460	3471
TcBrA4_Chr1_ID=TcBrA4_0185590;description=dispersed_1	TcBrA4_Chr16_24_383191_372739	85.421	3464	497	7	1	3459	22	3482	0.0	5636	3460	3484
TcBrA4_Chr1_ID=TcBrA4_0185590;description=dispersed_1	TcBrA4_Chr3_54_771783_761468	85.525	3392	482	4	40	3428	1	3386	0.0	5520	3460	3386
TcBrA4_Chr1_ID=TcBrA4_0185590;description=dispersed_1	TcBrA4_Chr2_157_1954875_1965313	84.869	3430	514	4	1	3428	22	3448	0.0	5499	3460	3448
TcBrA4_Chr1_ID=TcBrA4_0185590;description=dispersed_1	TcBrA4_Chr17_26_101243_90859	84.591	3433	508	6	1	3432	22	3434	0.0	5461	3460	3442
TcBrA4_Chr1_ID=TcBrA4_0185590;description=dispersed_1	TcBrA4_Chr21_166_780845_791260	85.248	3430	494	7	1	3428	1	3420	0.0	5450	3460	3420
TcBrA4_Chr1_ID=TcBrA4_0185590;description=dispersed_1	TcBrA4_Chr42_74_88943_78499	85.208	3272	474	4	1	3267	1	3267	0.0	5238	3460	3273
TcBrA4_Chr1_ID=TcBrA4_0185590;description=dispersed_1	TcBrA4_Chr6_81_13533_3087	86.056	3134	424	5	1	3127	1	3128	0.0	5028	3460	3133
TcBrA4_Chr1_ID=TcBrA4_0185590;description=dispersed_1	TcBrA4_Chr12_142_853225_863592	82.288	2264	400	1	1	2263	22	2285	0.0	3455	3460	2944
TcBrA4_Chr1_ID=TcBrA4_0185590;description=dispersed_1	TcBrA4_Chr12_142_853225_863592	85.808	458	65	0	2491	2948	2487	2944	0.0	741	3460	2944
TcBrA4_Chr1_ID=TcBrA4_0185590;description=dispersed_1	TcBrA4_Chr12_142_853225_863592	24.337	1849	1094	71	1134	2832	365	2058	8.37e-48	182	3460	2944
TcBrA4_Chr1_ID=TcBrA4_0185590;description=dispersed_1	TcBrA4_Chr12_142_853225_863592	23.447	1578	1004	57	1165	2651	803	2267	4.68e-44	169	3460	2944
TcBrA4_Chr1_ID=TcBrA4_0185590;description=dispersed_1	TcBrA4_Chr12_142_853225_863592	24.536	1618	961	63	1328	2826	158	1634	2.87e-43	167	3460	2944
TcBrA4_Chr1_ID=TcBrA4_0185590;description=dispersed_1	TcBrA4_Chr12_142_853225_863592	28.656	841	509	32	2038	2831	62	858	2.45e-36	144	3460	2944
TcBrA4_Chr1_ID=TcBrA4_0185590;description=dispersed_1	TcBrA4_Chr12_142_853225_863592	24.718	975	602	36	1960	2870	374	1280	4.17e-30	123	3460	2944
TcBrA4_Chr1_ID=TcBrA4_0185590;description=dispersed_1	TcBrA4_Chr12_142_853225_863592	29.348	368	209	12	2087	2431	2488	2827	3.67e-17	80.9	3460	2944
TcBrA4_Chr1_ID=TcBrA4_0185590;description=dispersed_1	TcBrA4_Chr12_142_853225_863592	30.141	355	209	15	95	428	2491	2827	1.11e-11	62.8	3460	2944
TcBrA4_Chr1_ID=TcBrA4_0185590;description=dispersed_1	TcBrA4_Chr12_142_853225_863592	26.269	335	201	13	519	837	2523	2827	2.28e-09	55.1	3460	2944
TcBrA4_Chr1_ID=TcBrA4_0185590;description=dispersed_1	TcBrA4_Chr12_142_853225_863592	25.641	351	220	10	1293	1617	2492	2827	9.48e-09	53.1	3460	2944
TcBrA4_Chr1_ID=TcBrA4_0185590;description=dispersed_1	TcBrA4_Chr12_142_853225_863592	28.481	158	89	8	1075	1222	2684	2827	7.45e-08	50.1	3460	2944
TcBrA4_Chr1_ID=TcBrA4_0185590;description=dispersed_1	TcBrA4_Chr12_142_853225_863592	28.889	180	109	7	1865	2036	2660	2828	1.05e-06	46.2	3460	2944
TcBrA4_Chr1_ID=TcBrA4_0185990;description=dispersed_1	TcBrA4_Chr16_24_383191_372739	83.975	3145	490	9	1	3135	22	3162	0.0	5016	3137	3484
TcBrA4_Chr1_ID=TcBrA4_0185990;description=dispersed_1	TcBrA4_Chr21_166_780845_791260	85.510	3140	441	8	1	3135	1	3131	0.0	4961	3137	3420
TcBrA4_Chr1_ID=TcBrA4_0185990;description=dispersed_1	TcBrA4_Chr3_54_771783_761468	84.075	3102	482	5	40	3135	1	3096	0.0	4944	3137	3386
TcBrA4_Chr1_ID=TcBrA4_0185990;description=dispersed_1	TcBrA4_Chr2_157_1954875_1965313	83.699	3141	503	6	1	3135	22	3159	0.0	4907	3137	3448
TcBrA4_Chr1_ID=TcBrA4_0185990;description=dispersed_1	TcBrA4_Chr42_74_88943_78499	83.498	3145	503	6	1	3135	1	3139	0.0	4897	3137	3273
TcBrA4_Chr1_ID=TcBrA4_0185990;description=dispersed_1	TcBrA4_Chr17_26_101243_90859	83.716	3138	490	6	1	3135	22	3141	0.0	4888	3137	3442
TcBrA4_Chr1_ID=TcBrA4_0185990;description=dispersed_1	TcBrA4_Contig140_96_39896_29425	83.032	3153	515	8	1	3135	20	3170	0.0	4881	3137	3471
TcBrA4_Chr1_ID=TcBrA4_0185990;description=dispersed_1	TcBrA4_Chr6_81_13533_3087	82.323	3134	537	6	1	3123	1	3128	0.0	4825	3137	3133
TcBrA4_Chr1_ID=TcBrA4_0185990;description=dispersed_1	TcBrA4_Chr12_142_853225_863592	80.221	2265	441	5	1	2259	22	2285	0.0	3394	3137	2944
TcBrA4_Chr1_ID=TcBrA4_0185990;description=dispersed_1	TcBrA4_Chr12_142_853225_863592	84.061	458	73	0	2487	2944	2487	2944	0.0	725	3137	2944
TcBrA4_Chr1_ID=TcBrA4_0185990;description=dispersed_1	TcBrA4_Chr12_142_853225_863592	24.433	2382	1426	92	447	2647	79	2267	1.03e-66	244	3137	2944
TcBrA4_Chr1_ID=TcBrA4_0185990;description=dispersed_1	TcBrA4_Chr12_142_853225_863592	25.015	1655	992	65	1283	2822	114	1634	9.92e-54	201	3137	2944
TcBrA4_Chr1_ID=TcBrA4_0185990;description=dispersed_1	TcBrA4_Chr12_142_853225_863592	24.890	1824	1071	73	1156	2828	383	2058	3.86e-52	196	3137	2944
TcBrA4_Chr1_ID=TcBrA4_0185990;description=dispersed_1	TcBrA4_Chr12_142_853225_863592	28.351	843	507	33	2064	2855	94	890	1.03e-33	135	3137	2944
TcBrA4_Chr1_ID=TcBrA4_0185990;description=dispersed_1	TcBrA4_Chr12_142_853225_863592	24.817	955	588	38	1958	2850	374	1260	8.08e-30	122	3137	2944
TcBrA4_Chr1_ID=TcBrA4_0185990;description=dispersed_1	TcBrA4_Chr12_142_853225_863592	28.814	354	206	13	1291	1616	2492	2827	1.44e-14	72.0	3137	2944
TcBrA4_Chr1_ID=TcBrA4_0185990;description=dispersed_1	TcBrA4_Chr12_142_853225_863592	27.887	355	231	10	2083	2427	2488	2827	2.00e-14	71.6	3137	2944
TcBrA4_Chr1_ID=TcBrA4_0185990;description=dispersed_1	TcBrA4_Chr12_142_853225_863592	29.688	320	198	12	123	428	2521	2827	1.45e-10	58.9	3137	2944
TcBrA4_Chr1_ID=TcBrA4_0185990;description=dispersed_1	TcBrA4_Chr12_142_853225_863592	30.667	150	92	6	1075	1220	2686	2827	1.85e-08	52.0	3137	2944
TcBrA4_Chr1_ID=TcBrA4_0185990;description=dispersed_1	TcBrA4_Chr12_142_853225_863592	25.893	336	201	10	517	835	2523	2827	5.22e-08	50.4	3137	2944
TcBrA4_Chr1_ID=TcBrA4_0185580;description=dispersed_1	TcBrA4_Chr16_24_383191_372739	83.786	3460	539	8	1	3441	22	3478	0.0	5497	3449	3484
TcBrA4_Chr1_ID=TcBrA4_0185580;description=dispersed_1	TcBrA4_Chr2_157_1954875_1965313	83.664	3428	545	4	1	3414	22	3448	0.0	5393	3449	3448
TcBrA4_Chr1_ID=TcBrA4_0185580;description=dispersed_1	TcBrA4_Chr3_54_771783_761468	84.046	3391	520	7	40	3414	1	3386	0.0	5390	3449	3386
TcBrA4_Chr1_ID=TcBrA4_0185580;description=dispersed_1	TcBrA4_Contig140_96_39896_29425	83.091	3442	558	6	1	3418	22	3463	0.0	5366	3449	3471
TcBrA4_Chr1_ID=TcBrA4_0185580;description=dispersed_1	TcBrA4_Chr17_26_101243_90859	83.387	3431	539	7	1	3418	22	3434	0.0	5360	3449	3442
TcBrA4_Chr1_ID=TcBrA4_0185580;description=dispersed_1	TcBrA4_Chr21_166_780845_791260	84.315	3430	512	10	1	3414	1	3420	0.0	5345	3449	3420
TcBrA4_Chr1_ID=TcBrA4_0185580;description=dispersed_1	TcBrA4_Chr42_74_88943_78499	83.038	3272	531	5	1	3253	1	3267	0.0	5068	3449	3273
TcBrA4_Chr1_ID=TcBrA4_0185580;description=dispersed_1	TcBrA4_Chr6_81_13533_3087	83.498	3133	492	6	1	3113	1	3128	0.0	4845	3449	3133
TcBrA4_Chr1_ID=TcBrA4_0185580;description=dispersed_1	TcBrA4_Chr12_142_853225_863592	81.184	2264	417	3	1	2255	22	2285	0.0	3383	3449	2944
TcBrA4_Chr1_ID=TcBrA4_0185580;description=dispersed_1	TcBrA4_Chr12_142_853225_863592	87.336	458	58	0	2483	2940	2487	2944	0.0	749	3449	2944
TcBrA4_Chr1_ID=TcBrA4_0185580;description=dispersed_1	TcBrA4_Chr12_142_853225_863592	24.489	2397	1419	96	436	2643	73	2267	2.20e-60	223	3449	2944
TcBrA4_Chr1_ID=TcBrA4_0185580;description=dispersed_1	TcBrA4_Chr12_142_853225_863592	24.552	1674	1007	60	1263	2818	99	1634	3.97e-54	202	3449	2944
TcBrA4_Chr1_ID=TcBrA4_0185580;description=dispersed_1	TcBrA4_Chr12_142_853225_863592	24.563	1832	1099	72	1133	2824	370	2058	9.97e-53	198	3449	2944
TcBrA4_Chr1_ID=TcBrA4_0185580;description=dispersed_1	TcBrA4_Chr12_142_853225_863592	26.756	897	516	31	2030	2855	62	888	3.97e-34	137	3449	2944
TcBrA4_Chr1_ID=TcBrA4_0185580;description=dispersed_1	TcBrA4_Chr12_142_853225_863592	28.451	355	229	10	2079	2423	2488	2827	2.62e-14	71.6	3449	2944
TcBrA4_Chr1_ID=TcBrA4_0185580;description=dispersed_1	TcBrA4_Chr12_142_853225_863592	30.028	363	193	15	95	422	2491	2827	6.05e-12	63.5	3449	2944
TcBrA4_Chr1_ID=TcBrA4_0185580;description=dispersed_1	TcBrA4_Chr12_142_853225_863592	42.857	77	42	2	1536	1611	2752	2827	1.37e-10	59.3	3449	2944
TcBrA4_Chr1_ID=TcBrA4_0185580;description=dispersed_1	TcBrA4_Chr12_142_853225_863592	28.947	152	96	6	1069	1216	2684	2827	3.18e-09	54.7	3449	2944
TcBrA4_Chr1_ID=TcBrA4_0185580;description=dispersed_1	TcBrA4_Chr12_142_853225_863592	25.826	333	205	13	512	830	2523	2827	3.08e-08	51.2	3449	2944
TcBrA4_Chr22_ID=TcBrA4_0185560;description=dispersed_1	TcBrA4_Chr16_24_383191_372739	84.678	3459	524	5	1	3457	1	3455	0.0	5588	3466	3484
TcBrA4_Chr22_ID=TcBrA4_0185560;description=dispersed_1	TcBrA4_Chr17_26_101243_90859	84.531	3465	511	6	1	3464	1	3441	0.0	5473	3466	3442
TcBrA4_Chr22_ID=TcBrA4_0185560;description=dispersed_1	TcBrA4_Chr2_157_1954875_1965313	84.279	3454	536	3	1	3453	1	3448	0.0	5447	3466	3448
TcBrA4_Chr22_ID=TcBrA4_0185560;description=dispersed_1	TcBrA4_Contig140_96_39896_29425	83.712	3475	550	5	1	3464	1	3470	0.0	5423	3466	3471
TcBrA4_Chr22_ID=TcBrA4_0185560;description=dispersed_1	TcBrA4_Chr3_54_771783_761468	84.251	3397	520	8	61	3453	1	3386	0.0	5395	3466	3386
TcBrA4_Chr22_ID=TcBrA4_0185560;description=dispersed_1	TcBrA4_Chr21_166_780845_791260	84.333	3434	522	7	22	3453	1	3420	0.0	5379	3466	3420
TcBrA4_Chr22_ID=TcBrA4_0185560;description=dispersed_1	TcBrA4_Chr42_74_88943_78499	83.730	3276	519	5	22	3292	1	3267	0.0	5135	3466	3273
TcBrA4_Chr22_ID=TcBrA4_0185560;description=dispersed_1	TcBrA4_Chr6_81_13533_3087	82.451	3134	541	5	22	3152	1	3128	0.0	4786	3466	3133
TcBrA4_Chr22_ID=TcBrA4_0185560;description=dispersed_1	TcBrA4_Chr12_142_853225_863592	80.621	2286	440	3	1	2284	1	2285	0.0	3391	3466	2944
TcBrA4_Chr22_ID=TcBrA4_0185560;description=dispersed_1	TcBrA4_Chr12_142_853225_863592	84.632	462	67	1	2512	2973	2487	2944	0.0	727	3466	2944
TcBrA4_Chr22_ID=TcBrA4_0185560;description=dispersed_1	TcBrA4_Chr12_142_853225_863592	23.846	2382	1450	92	466	2672	75	2267	3.55e-59	219	3466	2944
TcBrA4_Chr22_ID=TcBrA4_0185560;description=dispersed_1	TcBrA4_Chr12_142_853225_863592	24.710	1809	1057	76	1196	2853	404	2058	1.56e-48	184	3466	2944
TcBrA4_Chr22_ID=TcBrA4_0185560;description=dispersed_1	TcBrA4_Chr12_142_853225_863592	27.315	853	521	31	2059	2861	62	865	1.20e-30	125	3466	2944
TcBrA4_Chr22_ID=TcBrA4_0185560;description=dispersed_1	TcBrA4_Chr12_142_853225_863592	28.090	356	229	12	2108	2452	2488	2827	9.95e-13	66.2	3466	2944
TcBrA4_Chr22_ID=TcBrA4_0185560;description=dispersed_1	TcBrA4_Chr12_142_853225_863592	30.245	367	192	17	116	448	2491	2827	3.25e-11	61.2	3466	2944
TcBrA4_Chr22_ID=TcBrA4_0185560;description=dispersed_1	TcBrA4_Chr12_142_853225_863592	33.846	130	83	3	1510	1638	2700	2827	9.23e-10	56.6	3466	2944
TcBrA4_Chr22_ID=TcBrA4_0185560;description=dispersed_1	TcBrA4_Chr12_142_853225_863592	27.333	150	97	5	1098	1243	2686	2827	1.74e-08	52.4	3466	2944
TcBrA4_Chr22_ID=TcBrA4_0185560;description=dispersed_1	TcBrA4_Chr12_142_853225_863592	25.824	364	213	16	540	878	2523	2854	1.44e-07	49.3	3466	2944
TcBrA4_Chr23_ID=TcBrA4_0185940;description=dispersed_1	TcBrA4_Chr16_24_383191_372739	83.553	3484	557	10	1	3472	1	3480	0.0	5540	3475	3484
TcBrA4_Chr23_ID=TcBrA4_0185940;description=dispersed_1	TcBrA4_Chr2_157_1954875_1965313	84.555	3451	523	6	1	3444	1	3448	0.0	5452	3475	3448
TcBrA4_Chr23_ID=TcBrA4_0185940;description=dispersed_1	TcBrA4_Chr17_26_101243_90859	84.294	3451	514	7	1	3444	1	3430	0.0	5427	3475	3442
TcBrA4_Chr23_ID=TcBrA4_0185940;description=dispersed_1	TcBrA4_Contig140_96_39896_29425	83.964	3461	536	7	1	3444	1	3459	0.0	5411	3475	3471
TcBrA4_Chr23_ID=TcBrA4_0185940;description=dispersed_1	TcBrA4_Chr3_54_771783_761468	84.404	3392	515	7	61	3444	1	3386	0.0	5404	3475	3386
TcBrA4_Chr23_ID=TcBrA4_0185940;description=dispersed_1	TcBrA4_Chr21_166_780845_791260	84.772	3428	509	8	22	3444	1	3420	0.0	5392	3475	3420
TcBrA4_Chr23_ID=TcBrA4_0185940;description=dispersed_1	TcBrA4_Chr42_74_88943_78499	84.364	3268	504	4	22	3283	1	3267	0.0	5181	3475	3273
TcBrA4_Chr23_ID=TcBrA4_0185940;description=dispersed_1	TcBrA4_Chr6_81_13533_3087	83.951	3128	496	3	22	3143	1	3128	0.0	4885	3475	3133
TcBrA4_Chr23_ID=TcBrA4_0185940;description=dispersed_1	TcBrA4_Chr12_142_853225_863592	80.805	2287	435	3	1	2285	1	2285	0.0	3428	3475	2944
TcBrA4_Chr23_ID=TcBrA4_0185940;description=dispersed_1	TcBrA4_Chr12_142_853225_863592	86.900	458	55	1	2512	2964	2487	2944	0.0	739	3475	2944
TcBrA4_Chr23_ID=TcBrA4_0185940;description=dispersed_1	TcBrA4_Chr12_142_853225_863592	23.826	2363	1476	92	466	2672	73	2267	4.17e-57	213	3475	2944
TcBrA4_Chr23_ID=TcBrA4_0185940;description=dispersed_1	TcBrA4_Chr12_142_853225_863592	23.716	1830	1126	65	1158	2853	365	2058	3.10e-51	193	3475	2944
TcBrA4_Chr23_ID=TcBrA4_0185940;description=dispersed_1	TcBrA4_Chr12_142_853225_863592	27.049	366	222	10	2110	2452	2484	2827	6.53e-12	63.5	3475	2944
TcBrA4_Chr23_ID=TcBrA4_0185940;description=dispersed_1	TcBrA4_Chr12_142_853225_863592	30.618	356	206	16	116	449	2491	2827	2.44e-10	58.5	3475	2944
TcBrA4_Chr23_ID=TcBrA4_0185940;description=dispersed_1	TcBrA4_Chr12_142_853225_863592	28.643	398	251	15	2468	2852	72	449	3.30e-10	57.8	3475	2944
TcBrA4_Chr23_ID=TcBrA4_0185940;description=dispersed_1	TcBrA4_Chr12_142_853225_863592	32.215	149	92	4	1500	1641	2681	2827	5.69e-10	57.0	3475	2944
TcBrA4_Chr23_ID=TcBrA4_0185940;description=dispersed_1	TcBrA4_Chr12_142_853225_863592	23.925	372	210	13	542	880	2523	2854	2.88e-08	51.6	3475	2944
TcBrA4_Chr23_ID=TcBrA4_0185940;description=dispersed_1	TcBrA4_Chr12_142_853225_863592	29.221	154	97	7	1097	1246	2682	2827	1.93e-07	48.9	3475	2944
TcBrA4_Chr23_ID=TcBrA4_0185940;description=dispersed_1	TcBrA4_Chr12_142_853225_863592	32.117	137	81	5	1926	2058	2700	2828	3.40e-06	44.7	3475	2944
TcBrA4_Chr24_ID=TcBrA4_0185570;description=dispersed_1	TcBrA4_Chr16_24_383191_372739	80.986	3508	607	11	1	3497	22	3480	0.0	5384	3500	3484
TcBrA4_Chr24_ID=TcBrA4_0185570;description=dispersed_1	TcBrA4_Chr2_157_1954875_1965313	81.973	3456	587	7	1	3449	22	3448	0.0	5321	3500	3448
TcBrA4_Chr24_ID=TcBrA4_0185570;description=dispersed_1	TcBrA4_Chr17_26_101243_90859	82.808	3455	542	8	1	3449	22	3430	0.0	5317	3500	3442
TcBrA4_Chr24_ID=TcBrA4_0185570;description=dispersed_1	TcBrA4_Chr3_54_771783_761468	82.084	3416	578	8	38	3449	1	3386	0.0	5284	3500	3386
TcBrA4_Chr24_ID=TcBrA4_0185570;description=dispersed_1	TcBrA4_Contig140_96_39896_29425	81.493	3469	593	10	1	3449	20	3459	0.0	5267	3500	3471
TcBrA4_Chr24_ID=TcBrA4_0185570;description=dispersed_1	TcBrA4_Chr21_166_780845_791260	81.642	3459	586	12	1	3449	1	3420	0.0	5239	3500	3420
TcBrA4_Chr24_ID=TcBrA4_0185570;description=dispersed_1	TcBrA4_Chr42_74_88943_78499	81.606	3300	562	7	1	3288	1	3267	0.0	5032	3500	3273
TcBrA4_Chr24_ID=TcBrA4_0185570;description=dispersed_1	TcBrA4_Chr6_81_13533_3087	80.234	3157	586	6	1	3148	1	3128	0.0	4708	3500	3133
TcBrA4_Chr24_ID=TcBrA4_0185570;description=dispersed_1	TcBrA4_Chr12_142_853225_863592	79.912	2265	446	3	1	2257	22	2285	0.0	3378	3500	2944
TcBrA4_Chr24_ID=TcBrA4_0185570;description=dispersed_1	TcBrA4_Chr12_142_853225_863592	79.381	485	73	2	2485	2969	2487	2944	0.0	698	3500	2944
TcBrA4_Chr24_ID=TcBrA4_0185570;description=dispersed_1	TcBrA4_Chr12_142_853225_863592	24.434	2296	1435	93	439	2590	71	2210	1.92e-59	220	3500	2944
TcBrA4_Chr24_ID=TcBrA4_0185570;description=dispersed_1	TcBrA4_Chr12_142_853225_863592	24.546	1817	1087	74	1155	2826	381	2058	3.75e-50	189	3500	2944
TcBrA4_Chr24_ID=TcBrA4_0185570;description=dispersed_1	TcBrA4_Chr12_142_853225_863592	24.664	1638	986	60	1327	2856	158	1655	6.16e-44	169	3500	2944
TcBrA4_Chr24_ID=TcBrA4_0185570;description=dispersed_1	TcBrA4_Chr12_142_853225_863592	29.296	355	226	10	2081	2425	2488	2827	3.89e-16	77.4	3500	2944
TcBrA4_Chr24_ID=TcBrA4_0185570;description=dispersed_1	TcBrA4_Chr12_142_853225_863592	35.115	131	81	4	1488	1617	2700	2827	6.47e-12	63.5	3500	2944
TcBrA4_Chr24_ID=TcBrA4_0185570;description=dispersed_1	TcBrA4_Chr12_142_853225_863592	30.352	369	192	16	92	426	2490	2827	8.41e-11	60.1	3500	2944
TcBrA4_Chr24_ID=TcBrA4_0185570;description=dispersed_1	TcBrA4_Chr12_142_853225_863592	28.150	373	238	13	2464	2825	96	449	8.95e-10	56.6	3500	2944
TcBrA4_Chr24_ID=TcBrA4_0185570;description=dispersed_1	TcBrA4_Chr12_142_853225_863592	25.575	391	239	15	485	852	2490	2851	4.34e-08	50.8	3500	2944
TcBrA4_Chr24_ID=TcBrA4_0185570;description=dispersed_1	TcBrA4_Chr12_142_853225_863592	28.758	153	97	6	1074	1222	2684	2828	4.21e-07	47.8	3500	2944
TcBrA4_Chr24_ID=TcBrA4_0185570;description=dispersed_1	TcBrA4_Chr12_142_853225_863592	30.216	139	82	6	1897	2030	2700	2828	1.68e-06	45.8	3500	2944
TcBrA4_Chr26_ID=TcBrA4_0185540;description=dispersed_1	TcBrA4_Chr6_81_13533_3087	54.421	2839	1206	33	69	2850	40	2847	0.0	2677	3352	3133
TcBrA4_Chr26_ID=TcBrA4_0185540;description=dispersed_1	TcBrA4_Chr6_81_13533_3087	53.636	220	100	2	2845	3062	2909	3128	2.16e-54	203	3352	3133
TcBrA4_Chr26_ID=TcBrA4_0185540;description=dispersed_1	TcBrA4_Chr16_24_383191_372739	53.999	2876	1225	36	55	2872	48	2883	0.0	2669	3352	3484
TcBrA4_Chr26_ID=TcBrA4_0185540;description=dispersed_1	TcBrA4_Chr16_24_383191_372739	61.660	506	189	4	2845	3348	2932	3434	5.89e-172	590	3352	3484
TcBrA4_Chr26_ID=TcBrA4_0185540;description=dispersed_1	TcBrA4_Chr17_26_101243_90859	54.896	2829	1189	30	69	2850	59	2847	0.0	2660	3352	3442
TcBrA4_Chr26_ID=TcBrA4_0185540;description=dispersed_1	TcBrA4_Chr17_26_101243_90859	62.963	513	182	4	2845	3351	2910	3420	7.19e-176	603	3352	3442
TcBrA4_Chr26_ID=TcBrA4_0185540;description=dispersed_1	TcBrA4_Chr2_157_1954875_1965313	53.496	2903	1265	35	55	2906	48	2916	0.0	2649	3352	3448
TcBrA4_Chr26_ID=TcBrA4_0185540;description=dispersed_1	TcBrA4_Chr2_157_1954875_1965313	63.783	497	175	4	2845	3338	2928	3422	2.25e-171	588	3352	3448
TcBrA4_Chr26_ID=TcBrA4_0185540;description=dispersed_1	TcBrA4_Chr3_54_771783_761468	54.372	2836	1207	32	69	2850	1	2803	0.0	2645	3352	3386
TcBrA4_Chr26_ID=TcBrA4_0185540;description=dispersed_1	TcBrA4_Chr3_54_771783_761468	62.076	501	184	5	2845	3342	2866	3363	4.11e-171	587	3352	3386
TcBrA4_Chr26_ID=TcBrA4_0185540;description=dispersed_1	TcBrA4_Chr42_74_88943_78499	54.363	2842	1206	32	69	2850	40	2850	0.0	2637	3352	3273
TcBrA4_Chr26_ID=TcBrA4_0185540;description=dispersed_1	TcBrA4_Chr42_74_88943_78499	60.556	360	140	2	2845	3202	2908	3267	8.67e-118	412	3352	3273
TcBrA4_Chr26_ID=TcBrA4_0185540;description=dispersed_1	TcBrA4_Contig140_96_39896_29425	53.594	2838	1230	34	69	2850	61	2867	0.0	2613	3352	3471
TcBrA4_Chr26_ID=TcBrA4_0185540;description=dispersed_1	TcBrA4_Contig140_96_39896_29425	60.314	509	189	3	2845	3342	2930	3436	1.12e-166	573	3352	3471
TcBrA4_Chr26_ID=TcBrA4_0185540;description=dispersed_1	TcBrA4_Chr21_166_780845_791260	54.484	2832	1211	34	69	2850	40	2843	0.0	2598	3352	3420
TcBrA4_Chr26_ID=TcBrA4_0185540;description=dispersed_1	TcBrA4_Chr21_166_780845_791260	63.179	497	178	4	2845	3338	2900	3394	6.04e-169	580	3352	3420
TcBrA4_Chr26_ID=TcBrA4_0185540;description=dispersed_1	TcBrA4_Chr12_142_853225_863592	50.222	2248	1049	27	69	2269	61	2285	0.0	1872	3352	2944
TcBrA4_Chr26_ID=TcBrA4_0185540;description=dispersed_1	TcBrA4_Chr12_142_853225_863592	56.103	426	170	7	2497	2914	2487	2903	7.96e-112	392	3352	2944
TcBrA4_Chr26_ID=TcBrA4_0185540;description=dispersed_1	TcBrA4_Chr12_142_853225_863592	23.173	2313	1405	95	477	2598	78	2209	6.10e-54	202	3352	2944
TcBrA4_Chr26_ID=TcBrA4_0185540;description=dispersed_1	TcBrA4_Chr12_142_853225_863592	24.395	1652	1039	72	1274	2831	99	1634	2.54e-44	170	3352	2944
TcBrA4_Chr26_ID=TcBrA4_0185540;description=dispersed_1	TcBrA4_Chr12_142_853225_863592	23.686	1731	1050	70	1245	2837	461	2058	6.74e-42	162	3352	2944
TcBrA4_Chr26_ID=TcBrA4_0185540;description=dispersed_1	TcBrA4_Chr12_142_853225_863592	25.782	799	523	26	2074	2836	94	858	1.07e-30	125	3352	2944
TcBrA4_Chr26_ID=TcBrA4_0185540;description=dispersed_1	TcBrA4_Chr12_142_853225_863592	27.606	355	232	9	2093	2437	2488	2827	4.20e-14	70.9	3352	2944
TcBrA4_Chr26_ID=TcBrA4_0185540;description=dispersed_1	TcBrA4_Chr12_142_853225_863592	25.620	363	206	16	132	459	2494	2827	4.87e-10	57.4	3352	2944
TcBrA4_Chr26_ID=TcBrA4_0185540;description=dispersed_1	TcBrA4_Chr12_142_853225_863592	26.190	210	139	5	1420	1628	2632	2826	6.89e-09	53.5	3352	2944
TcBrA4_Chr28_ID=TcBrA4_0185620;description=dispersed_1	TcBrA4_Chr16_24_383191_372739	84.453	3467	529	8	1	3461	22	3484	0.0	5566	3462	3484
TcBrA4_Chr28_ID=TcBrA4_0185620;description=dispersed_1	TcBrA4_Chr2_157_1954875_1965313	84.932	3431	510	5	1	3428	22	3448	0.0	5481	3462	3448
TcBrA4_Chr28_ID=TcBrA4_0185620;description=dispersed_1	TcBrA4_Chr3_54_771783_761468	84.792	3393	505	6	40	3428	1	3386	0.0	5462	3462	3386
TcBrA4_Chr28_ID=TcBrA4_0185620;description=dispersed_1	TcBrA4_Chr21_166_780845_791260	85.023	3432	498	8	1	3428	1	3420	0.0	5442	3462	3420
TcBrA4_Chr28_ID=TcBrA4_0185620;description=dispersed_1	TcBrA4_Contig140_96_39896_29425	84.421	3447	519	8	1	3432	20	3463	0.0	5438	3462	3471
TcBrA4_Chr28_ID=TcBrA4_0185620;description=dispersed_1	TcBrA4_Chr17_26_101243_90859	84.483	3435	508	7	1	3432	22	3434	0.0	5431	3462	3442
TcBrA4_Chr28_ID=TcBrA4_0185620;description=dispersed_1	TcBrA4_Chr42_74_88943_78499	84.601	3273	492	5	1	3267	1	3267	0.0	5199	3462	3273
TcBrA4_Chr28_ID=TcBrA4_0185620;description=dispersed_1	TcBrA4_Chr6_81_13533_3087	83.376	3134	508	5	1	3127	1	3128	0.0	4860	3462	3133
TcBrA4_Chr28_ID=TcBrA4_0185620;description=dispersed_1	TcBrA4_Chr12_142_853225_863592	82.613	2266	391	2	1	2265	22	2285	0.0	3489	3462	2944
TcBrA4_Chr28_ID=TcBrA4_0185620;description=dispersed_1	TcBrA4_Chr12_142_853225_863592	85.808	458	63	1	2493	2948	2487	2944	0.0	736	3462	2944
TcBrA4_Chr28_ID=TcBrA4_0185620;description=dispersed_1	TcBrA4_Chr12_142_853225_863592	24.059	1833	1079	70	1158	2832	381	2058	3.89e-41	160	3462	2944
TcBrA4_Chr28_ID=TcBrA4_0185620;description=dispersed_1	TcBrA4_Chr12_142_853225_863592	24.732	1585	887	70	1178	2616	814	2238	2.46e-40	157	3462	2944
TcBrA4_Chr28_ID=TcBrA4_0185620;description=dispersed_1	TcBrA4_Chr12_142_853225_863592	28.300	841	510	30	2040	2831	62	858	1.70e-34	138	3462	2944
TcBrA4_Chr28_ID=TcBrA4_0185620;description=dispersed_1	TcBrA4_Chr12_142_853225_863592	29.775	356	223	12	2089	2433	2488	2827	5.25e-16	77.0	3462	2944
TcBrA4_Chr28_ID=TcBrA4_0185620;description=dispersed_1	TcBrA4_Chr12_142_853225_863592	31.832	333	173	14	124	430	2525	2829	1.04e-09	56.2	3462	2944
TcBrA4_Chr28_ID=TcBrA4_0185620;description=dispersed_1	TcBrA4_Chr12_142_853225_863592	28.289	152	97	6	1077	1224	2684	2827	4.28e-09	54.3	3462	2944
TcBrA4_Chr28_ID=TcBrA4_0185620;description=dispersed_1	TcBrA4_Chr12_142_853225_863592	27.429	175	111	4	1446	1619	2668	2827	2.10e-08	52.0	3462	2944
TcBrA4_Chr28_ID=TcBrA4_0185620;description=dispersed_1	TcBrA4_Chr12_142_853225_863592	41.176	68	32	3	800	859	2787	2854	4.76e-07	47.4	3462	2944
TcBrA4_Chr30_ID=TcBrA4_0185550;description=dispersed_1	TcBrA4_Chr16_24_383191_372739	83.866	3471	541	9	1	3460	22	3484	0.0	5541	3461	3484
TcBrA4_Chr30_ID=TcBrA4_0185550;description=dispersed_1	TcBrA4_Chr2_157_1954875_1965313	84.961	3431	508	5	1	3427	22	3448	0.0	5456	3461	3448
TcBrA4_Chr30_ID=TcBrA4_0185550;description=dispersed_1	TcBrA4_Chr3_54_771783_761468	84.863	3389	509	3	40	3427	1	3386	0.0	5439	3461	3386
TcBrA4_Chr30_ID=TcBrA4_0185550;description=dispersed_1	TcBrA4_Chr17_26_101243_90859	84.624	3434	504	6	1	3431	22	3434	0.0	5438	3461	3442
TcBrA4_Chr30_ID=TcBrA4_0185550;description=dispersed_1	TcBrA4_Contig140_96_39896_29425	84.068	3446	530	7	1	3431	22	3463	0.0	5417	3461	3471
TcBrA4_Chr30_ID=TcBrA4_0185550;description=dispersed_1	TcBrA4_Chr21_166_780845_791260	84.674	3432	509	7	1	3427	1	3420	0.0	5397	3461	3420
TcBrA4_Chr30_ID=TcBrA4_0185550;description=dispersed_1	TcBrA4_Chr42_74_88943_78499	84.092	3275	504	5	1	3266	1	3267	0.0	5199	3461	3273
TcBrA4_Chr30_ID=TcBrA4_0185550;description=dispersed_1	TcBrA4_Chr6_81_13533_3087	83.211	3133	514	4	1	3126	1	3128	0.0	4858	3461	3133
TcBrA4_Chr30_ID=TcBrA4_0185550;description=dispersed_1	TcBrA4_Chr12_142_853225_863592	81.129	2268	418	4	1	2262	22	2285	0.0	3428	3461	2944
TcBrA4_Chr30_ID=TcBrA4_0185550;description=dispersed_1	TcBrA4_Chr12_142_853225_863592	85.808	458	65	0	2490	2947	2487	2944	0.0	741	3461	2944
TcBrA4_Chr30_ID=TcBrA4_0185550;description=dispersed_1	TcBrA4_Chr12_142_853225_863592	24.613	2393	1448	89	445	2678	73	2268	4.71e-71	258	3461	2944
TcBrA4_Chr30_ID=TcBrA4_0185550;description=dispersed_1	TcBrA4_Chr12_142_853225_863592	25.221	1812	1083	77	1158	2831	381	2058	5.01e-55	206	3461	2944
TcBrA4_Chr30_ID=TcBrA4_0185550;description=dispersed_1	TcBrA4_Chr12_142_853225_863592	28.090	356	229	11	2086	2430	2488	2827	2.10e-14	71.6	3461	2944
TcBrA4_Chr30_ID=TcBrA4_0185550;description=dispersed_1	TcBrA4_Chr12_142_853225_863592	34.091	132	80	6	1491	1619	2700	2827	6.65e-10	57.0	3461	2944
TcBrA4_Chr30_ID=TcBrA4_0185550;description=dispersed_1	TcBrA4_Chr12_142_853225_863592	30.114	352	213	15	95	428	2491	2827	2.32e-09	55.1	3461	2944
TcBrA4_Chr30_ID=TcBrA4_0185550;description=dispersed_1	TcBrA4_Chr12_142_853225_863592	25.627	359	220	13	521	859	2523	2854	9.09e-09	53.1	3461	2944
TcBrA4_Chr32_ID=TcBrA4_0185630;description=dispersed_1	TcBrA4_Chr16_24_383191_372739	84.648	3485	522	7	1	3475	1	3482	0.0	5636	3476	3484
TcBrA4_Chr32_ID=TcBrA4_0185630;description=dispersed_1	TcBrA4_Contig140_96_39896_29425	85.397	3465	487	8	1	3448	1	3463	0.0	5569	3476	3471
TcBrA4_Chr32_ID=TcBrA4_0185630;description=dispersed_1	TcBrA4_Chr2_157_1954875_1965313	84.232	3450	536	6	1	3444	1	3448	0.0	5461	3476	3448
TcBrA4_Chr32_ID=TcBrA4_0185630;description=dispersed_1	TcBrA4_Chr3_54_771783_761468	84.863	3389	505	5	61	3444	1	3386	0.0	5453	3476	3386
TcBrA4_Chr32_ID=TcBrA4_0185630;description=dispersed_1	TcBrA4_Chr17_26_101243_90859	83.849	3455	530	8	1	3448	1	3434	0.0	5441	3476	3442
TcBrA4_Chr32_ID=TcBrA4_0185630;description=dispersed_1	TcBrA4_Chr21_166_780845_791260	83.882	3431	530	11	24	3444	3	3420	0.0	5366	3476	3420
TcBrA4_Chr32_ID=TcBrA4_0185630;description=dispersed_1	TcBrA4_Chr42_74_88943_78499	83.501	3273	523	6	22	3283	1	3267	0.0	5146	3476	3273
TcBrA4_Chr32_ID=TcBrA4_0185630;description=dispersed_1	TcBrA4_Chr6_81_13533_3087	84.478	3131	470	6	24	3143	3	3128	0.0	4935	3476	3133
TcBrA4_Chr32_ID=TcBrA4_0185630;description=dispersed_1	TcBrA4_Chr12_142_853225_863592	81.854	2287	410	2	1	2284	1	2285	0.0	3503	3476	2944
TcBrA4_Chr32_ID=TcBrA4_0185630;description=dispersed_1	TcBrA4_Chr12_142_853225_863592	84.716	458	66	2	2512	2965	2487	2944	0.0	722	3476	2944
TcBrA4_Chr32_ID=TcBrA4_0185630;description=dispersed_1	TcBrA4_Chr12_142_853225_863592	23.806	2386	1446	92	466	2670	73	2267	4.81e-64	235	3476	2944
TcBrA4_Chr32_ID=TcBrA4_0185630;description=dispersed_1	TcBrA4_Chr12_142_853225_863592	24.948	1920	1122	83	1094	2849	294	2058	5.50e-53	199	3476	2944
TcBrA4_Chr32_ID=TcBrA4_0185630;description=dispersed_1	TcBrA4_Chr12_142_853225_863592	24.107	1651	1007	61	1309	2843	114	1634	8.26e-44	169	3476	2944
TcBrA4_Chr32_ID=TcBrA4_0185630;description=dispersed_1	TcBrA4_Chr12_142_853225_863592	28.240	818	492	30	2089	2857	94	865	6.89e-35	139	3476	2944
TcBrA4_Chr32_ID=TcBrA4_0185630;description=dispersed_1	TcBrA4_Chr12_142_853225_863592	29.189	370	233	11	2108	2467	2488	2838	1.80e-16	78.6	3476	2944
TcBrA4_Chr32_ID=TcBrA4_0185630;description=dispersed_1	TcBrA4_Chr12_142_853225_863592	26.205	332	205	13	542	860	2523	2827	4.45e-11	60.8	3476	2944
TcBrA4_Chr32_ID=TcBrA4_0185630;description=dispersed_1	TcBrA4_Chr12_142_853225_863592	33.077	130	84	3	1513	1641	2700	2827	2.17e-10	58.5	3476	2944
TcBrA4_Chr32_ID=TcBrA4_0185630;description=dispersed_1	TcBrA4_Chr12_142_853225_863592	30.263	152	94	6	1099	1246	2684	2827	6.46e-10	57.0	3476	2944
TcBrA4_Chr32_ID=TcBrA4_0185630;description=dispersed_1	TcBrA4_Chr12_142_853225_863592	29.577	355	215	15	116	451	2491	2829	7.85e-09	53.5	3476	2944
TcBrA4_Chr3_ID=TcBrA4_0185610;description=dispersed_1	TcBrA4_Chr16_24_383191_372739	83.444	3461	564	6	1	3456	22	3478	0.0	5506	3464	3484
TcBrA4_Chr3_ID=TcBrA4_0185610;description=dispersed_1	TcBrA4_Chr2_157_1954875_1965313	84.369	3429	534	2	1	3429	22	3448	0.0	5435	3464	3448
TcBrA4_Chr3_ID=TcBrA4_0185610;description=dispersed_1	TcBrA4_Chr3_54_771783_761468	84.110	3392	531	6	40	3429	1	3386	0.0	5397	3464	3386
TcBrA4_Chr3_ID=TcBrA4_0185610;description=dispersed_1	TcBrA4_Contig140_96_39896_29425	83.740	3444	547	5	1	3433	22	3463	0.0	5389	3464	3471
TcBrA4_Chr3_ID=TcBrA4_0185610;description=dispersed_1	TcBrA4_Chr17_26_101243_90859	83.663	3434	539	6	1	3433	22	3434	0.0	5364	3464	3442
TcBrA4_Chr3_ID=TcBrA4_0185610;description=dispersed_1	TcBrA4_Chr21_166_780845_791260	84.096	3433	529	9	1	3429	1	3420	0.0	5349	3464	3420
TcBrA4_Chr3_ID=TcBrA4_0185610;description=dispersed_1	TcBrA4_Chr42_74_88943_78499	83.068	3272	544	2	1	3267	1	3267	0.0	5088	3464	3273
TcBrA4_Chr3_ID=TcBrA4_0185610;description=dispersed_1	TcBrA4_Chr6_81_13533_3087	83.307	3133	512	4	1	3127	1	3128	0.0	4840	3464	3133
TcBrA4_Chr3_ID=TcBrA4_0185610;description=dispersed_1	TcBrA4_Chr12_142_853225_863592	81.015	2265	427	2	1	2263	22	2285	0.0	3399	3464	2944
TcBrA4_Chr3_ID=TcBrA4_0185610;description=dispersed_1	TcBrA4_Chr12_142_853225_863592	87.336	458	58	0	2491	2948	2487	2944	0.0	749	3464	2944
TcBrA4_Chr3_ID=TcBrA4_0185610;description=dispersed_1	TcBrA4_Chr12_142_853225_863592	25.073	2397	1405	99	444	2651	73	2267	6.42e-64	235	3464	2944
TcBrA4_Chr3_ID=TcBrA4_0185610;description=dispersed_1	TcBrA4_Chr12_142_853225_863592	25.224	1673	997	63	1271	2826	99	1634	6.80e-52	195	3464	2944
TcBrA4_Chr3_ID=TcBrA4_0185610;description=dispersed_1	TcBrA4_Chr12_142_853225_863592	24.422	1818	1119	71	1141	2832	370	2058	4.12e-49	186	3464	2944
TcBrA4_Chr3_ID=TcBrA4_0185610;description=dispersed_1	TcBrA4_Chr12_142_853225_863592	28.402	845	506	30	2068	2863	94	888	1.97e-33	134	3464	2944
TcBrA4_Chr3_ID=TcBrA4_0185610;description=dispersed_1	TcBrA4_Chr12_142_853225_863592	25.134	1122	648	46	78	1098	1291	2321	1.51e-30	125	3464	2944
TcBrA4_Chr3_ID=TcBrA4_0185610;description=dispersed_1	TcBrA4_Chr12_142_853225_863592	28.732	355	228	10	2087	2431	2488	2827	4.83e-13	67.4	3464	2944
TcBrA4_Chr3_ID=TcBrA4_0185610;description=dispersed_1	TcBrA4_Chr12_142_853225_863592	31.230	317	197	12	123	428	2521	2827	6.52e-11	60.1	3464	2944
TcBrA4_Chr3_ID=TcBrA4_0185610;description=dispersed_1	TcBrA4_Chr12_142_853225_863592	31.538	130	86	3	1491	1619	2700	2827	6.45e-09	53.5	3464	2944
TcBrA4_Chr3_ID=TcBrA4_0185610;description=dispersed_1	TcBrA4_Chr12_142_853225_863592	31.410	156	94	7	1074	1224	2680	2827	1.07e-08	52.8	3464	2944
TcBrA4_Chr3_ID=TcBrA4_0185610;description=dispersed_1	TcBrA4_Chr12_142_853225_863592	25.225	333	207	13	520	838	2523	2827	4.91e-08	50.8	3464	2944
TcBrA4_Chr7_ID=TcBrA4_0185660;description=dispersed_1	TcBrA4_Chr16_24_383191_372739	85.146	3467	506	6	1	3462	22	3484	0.0	5625	3463	3484
TcBrA4_Chr7_ID=TcBrA4_0185660;description=dispersed_1	TcBrA4_Contig140_96_39896_29425	84.935	3445	504	5	1	3433	22	3463	0.0	5475	3463	3471
TcBrA4_Chr7_ID=TcBrA4_0185660;description=dispersed_1	TcBrA4_Chr2_157_1954875_1965313	84.382	3432	528	4	1	3429	22	3448	0.0	5437	3463	3448
TcBrA4_Chr7_ID=TcBrA4_0185660;description=dispersed_1	TcBrA4_Chr21_166_780845_791260	84.703	3432	510	8	1	3429	1	3420	0.0	5407	3463	3420
TcBrA4_Chr7_ID=TcBrA4_0185660;description=dispersed_1	TcBrA4_Chr3_54_771783_761468	83.976	3395	530	8	40	3429	1	3386	0.0	5399	3463	3386
TcBrA4_Chr7_ID=TcBrA4_0185660;description=dispersed_1	TcBrA4_Chr17_26_101243_90859	83.847	3436	529	7	1	3433	22	3434	0.0	5398	3463	3442
TcBrA4_Chr7_ID=TcBrA4_0185660;description=dispersed_1	TcBrA4_Chr42_74_88943_78499	86.221	3273	440	5	1	3268	1	3267	0.0	5312	3463	3273
TcBrA4_Chr7_ID=TcBrA4_0185660;description=dispersed_1	TcBrA4_Chr6_81_13533_3087	83.673	3136	496	7	1	3128	1	3128	0.0	4887	3463	3133
TcBrA4_Chr7_ID=TcBrA4_0185660;description=dispersed_1	TcBrA4_Chr12_142_853225_863592	83.944	2267	360	4	1	2266	22	2285	0.0	3553	3463	2944
TcBrA4_Chr7_ID=TcBrA4_0185660;description=dispersed_1	TcBrA4_Chr12_142_853225_863592	85.590	458	64	1	2494	2949	2487	2944	0.0	739	3463	2944
TcBrA4_Chr7_ID=TcBrA4_0185660;description=dispersed_1	TcBrA4_Chr12_142_853225_863592	25.487	1848	1035	82	1158	2833	381	2058	3.73e-47	179	3463	2944
TcBrA4_Chr7_ID=TcBrA4_0185660;description=dispersed_1	TcBrA4_Chr12_142_853225_863592	27.680	849	471	33	2057	2832	80	858	5.49e-36	143	3463	2944
TcBrA4_Chr7_ID=TcBrA4_0185660;description=dispersed_1	TcBrA4_Chr12_142_853225_863592	25.263	1140	659	49	1547	2597	1175	2210	1.53e-33	135	3463	2944
TcBrA4_Chr7_ID=TcBrA4_0185660;description=dispersed_1	TcBrA4_Chr12_142_853225_863592	28.099	363	238	10	2095	2447	2488	2837	1.97e-15	75.1	3463	2944
TcBrA4_Chr7_ID=TcBrA4_0185660;description=dispersed_1	TcBrA4_Chr12_142_853225_863592	30.769	156	88	8	1077	1224	2684	2827	1.49e-09	55.8	3463	2944
TcBrA4_Chr7_ID=TcBrA4_0185660;description=dispersed_1	TcBrA4_Chr12_142_853225_863592	33.846	130	83	3	1491	1619	2700	2827	5.59e-09	53.9	3463	2944
TcBrA4_Chr7_ID=TcBrA4_0185660;description=dispersed_1	TcBrA4_Chr12_142_853225_863592	29.086	361	204	14	95	427	2491	2827	4.25e-08	50.8	3463	2944
TcBrA4_Chr7_ID=TcBrA4_0185660;description=dispersed_1	TcBrA4_Chr12_142_853225_863592	24.874	398	254	19	487	867	2490	2859	4.59e-08	50.8	3463	2944
TcBrA4_Chr7_ID=TcBrA4_0185660;description=dispersed_1	TcBrA4_Chr12_142_853225_863592	26.897	145	97	4	1897	2039	2691	2828	9.33e-06	43.1	3463	2944
